1939
  -1   -2     22.061      9.414      6.034 4
  -1   -2    -11.484     -5.190      4.960 4
  -1    2      8.775     -5.529     16.510 4
  -1 1201     17.032     -7.806     14.542 4
  -1 2077    -18.097     -8.365      0.673 4
  -1 2070    -25.998     -0.196      1.206 4
  -1 2048     18.508     -4.288     15.721 4
  -1 1208     18.308     -6.152     14.628 4
  -1   -2     13.046     -3.245     12.309 4
  -1   -2     22.063     10.429      9.781 4
  -1   -2     15.480     11.554     11.396 4
  -1   -2     12.587     15.004     13.685 4
  -1   -2      9.403     -7.327     15.424 4
  -1   14    -20.866     -4.654      9.513 4
  -1 1716     12.791     -8.581     16.888 4
  30 2274     13.673      9.814     20.024 4
  -1   -2     14.835     12.294     12.701 4
  -1   -2     12.987     11.331     19.538 4
  -1   -2      9.403     12.973     18.814 4
  16 1213     12.015     -0.911      4.462 4
  -1   -2      6.696     -7.707     12.210 4
  -1   -2     19.901      5.108     17.144 4
  -1   -2      3.241     -7.329      6.529 4
  -1   -2     23.425      5.620      8.995 4
  -1 2045     10.483     15.125     17.810 4
  58 1863    -16.017    -12.864      3.413 4
  -1 2069      3.944     11.798     19.351 4
  44   -2      6.769      2.760     12.940 4
  -1   -2     11.706     -9.110     11.479 4
  -1   -2    -14.632      4.684     15.368 4
  56   17      0.446     -8.224      8.889 4
  -1   18      6.211     -5.695     19.468 4
  -1   -2      0.056     13.882     18.977 4
  -1   -2      1.958     -1.528     17.290 4
  -1 2080     18.440      7.416     11.821 4
  -1   -2     17.377      9.506     19.521 4
  -1 2055      3.151     -5.101     14.393 4
  -1   -2      8.995      8.953     12.927 4
  -1   -2    -24.191     -2.476     -1.846 4
  -1   22     21.706     14.369      8.978 4
  -1   42     11.180     -3.300      9.572 4
  -1 2123    -19.507    -10.616      5.830 4
  -1   -2     12.640      8.038     10.689 4
  -1 2065     18.955      6.747     11.226 4
  -1   -2     21.603      8.776     11.429 4
  -1   -2     13.169     14.015     15.524 4
  -1   -2     16.217      9.499     15.358 4
  65   -2     10.740    -14.700     17.696 4
  -1   37      4.501      1.443     15.071 4
  21 1218     18.486     -8.012     11.631 4
  -1   -2     10.204     11.810     11.404 4
  -1   -2      9.786     -9.255     15.867 4
 203   -2     -8.461      4.936      2.262 4
  -1   -2     19.309     10.107     16.098 4
 289 1426    -16.351      7.164     11.273 4
  81   -2      8.721     -1.416     15.001 4
  -1   -2     18.818      7.139     14.619 4
  -1 2059     15.660      9.050      9.510 4
  -1   -2      9.571      6.004     15.974 4
  -1   -2      3.817     13.362     17.385 4
  -1   -2     14.093      6.702      9.524 4
  -1   -2     11.849      6.344     19.441 4
  -1 2061      5.350    -15.333     10.525 4
  -1 2056      8.622     12.788     16.346 4
  -1 2096      5.385      9.386     14.879 4
  -1   -2    -16.939      3.407      8.178 4
  -1  235    -23.607     -2.921      0.394 4
  -1   -2    -23.435     -3.559     -0.137 4
  -1   -2     12.697     -4.308      7.552 4
  -1   -2    -13.236     -9.747     10.005 4
  -1   -2     -7.069    -14.917      6.659 4
  -1   -2    -18.723     -7.338      7.125 4
  -1   -2    -19.726     -7.530      6.815 4
  87 2126      0.776      5.704     11.714 4
  -1   -2    -14.131    -11.707     11.967 4
  -1 2062      8.211     13.205     12.583 4
  -1 2094     21.239     10.254      5.930 4
 106  145    -17.575    -13.311     14.949 4
  -1 2041     14.572     15.865     13.148 4
  -1   -2      8.950    -14.043     19.254 4
  50  121     -0.870      8.443     13.139 4
  -1 1771     -0.816      8.152     12.345 4
  -1   -2    -21.872     -5.137      3.631 4
1801   -2     17.052      5.826      8.408 4
  76  183     -7.620     -2.090      1.910 4
  -1   -2     18.307      1.852      8.083 4
  -1 2076    -21.529     -3.243      2.363 4
 122 1876    -11.695      9.353     16.851 4
  -1   -2      7.711     13.060     11.780 4
  -1   -2      8.278     -9.808     17.188 4
  -1   -2     14.561      7.417      3.687 4
  11 1209    -16.277     -3.598      5.712 4
  -1   -2     23.624      2.087      4.644 4
  -1   -2    -16.535     -4.027      5.076 4
 128 1314     17.375     -8.971     17.465 4
  -1 1847     18.978      3.114      5.484 4
  -1  144      9.112    -11.490     16.214 4
  -1   -2     21.941     11.343      6.039 4
 102  126    -18.124     -2.241     15.780 4
  -1 2176     22.604      0.367      3.076 4
  -1  102    -20.114     -8.644      9.883 4
  -1   -2      3.210     11.199     12.291 4
  -1   -2      9.349     18.229     19.768 4
  -1   -2     10.961    -10.925     14.322 4
  -1   -2      5.375      1.423     18.213 4
  -1   -2     -7.591     -9.637      6.786 4
1373  218      0.172     10.241     14.063 4
  -1  159     22.705     -6.297      7.193 4
  -1   -2     12.947      4.710      7.746 4
  -1   -2     -7.373    -15.627     11.257 4
  -1   -2     11.264      6.684     11.275 4
  -1   -2    -14.429    -12.624      5.308 4
  -1  234    -10.156    -13.727      9.322 4
 214 2236     -0.157    -12.997      8.710 4
  -1   -2     11.907     -5.474     -0.398 4
  -1  137    -24.063     -7.207      5.205 4
 174   -2    -17.322    -13.283      7.090 4
1304 2276    -24.144      4.268      4.416 4
  -1   -2    -19.987     -0.009      5.109 4
  -1 1969      9.466      6.183     17.650 4
  -1  117      7.282     -5.727      3.157 4
  -1   -2    -13.585      1.283      3.679 4
 136 1319    -17.736      6.248     -5.820 4
  -1 1879     13.216    -14.510     15.554 4
  -1   -2      9.859      5.745     13.161 4
  -1   -2    -14.141    -15.059      8.860 4
  -1  146     -4.027      4.928      9.700 4
 153 1331      1.208    -10.323      4.600 4
1716 2054      1.702      7.125     12.413 4
  -1 1271      6.480     10.651     12.768 4
  -1   -2      8.212     17.187     12.184 4
  -1 2132    -23.232    -12.128      7.801 4
  -1  109      2.569      5.757     20.162 4
  -1  169    -11.768     -6.487     19.517 4
  -1   -2      0.813    -13.027     10.123 4
 119   -2      0.432    -14.026      8.678 4
  89 2083    -17.025      7.019      6.590 4
 113   -2    -16.984     -7.116      9.179 4
1311 1782     -0.335     15.312     18.334 4
  -1  132     -4.586     -0.438     14.350 4
 167 1348     10.531      1.841     10.268 4
  -1   -2      4.132     -4.304     11.425 4
 266 1921    -11.264     -2.158     -2.955 4
 641 1585     11.009      4.620      5.601 4
 561   68      2.402      7.515      5.190 4
  -1 2122      3.954     -9.612     15.072 4
  -1   -2     10.495     -9.079      7.070 4
  -1   -2    -21.770     -4.805      5.417 4
 165  107     -6.478      2.223     19.327 4
  -1 2064    -24.290     -5.509      4.091 4
 156 1334    -22.127     -6.520     -0.440 4
 909 1653      6.503     -2.643     -9.726 4
 240 1392      5.535     11.053     -7.399 4
 189   -2     -9.761     11.039      3.325 4
 105  167      2.446      0.551     15.223 4
  -1   -2     18.542     13.954     16.642 4
 705 2024     -1.492      6.855      4.748 4
 148 1327      8.612     -0.233      0.801 4
1334 1802      0.584     -0.943     18.562 4
  -1   -2     -2.255      3.426      4.092 4
  -1  130     -7.269     -8.841     11.707 4
  -1   -2      1.289     -9.281      5.461 4
  -1  164    -10.906      6.017     12.469 4
  -1   -2     22.582     -5.073      7.724 4
  -1   -2    -11.936     -9.568     -1.089 4
  -1   -2      5.935     15.939     13.287 4
  -1   -2     11.916      8.226     13.411 4
 146 1801     11.075      0.058      8.184 4
1443 1887     10.670      4.262      7.210 4
1408 2277      0.571     10.396     12.186 4
  -1  192      3.099     -6.939     16.954 4
  -1   -2     11.106      1.163    -10.741 4
  -1 1541    -13.556    -12.450     12.349 4
 280 1419    -17.928     -8.964     -4.164 4
  -1 2140    -16.427     -0.644     -0.562 4
 164   -2     -1.497      6.125     16.126 4
  -1  199    -15.287     -3.808      0.878 4
  -1  110     -0.235    -13.430     -3.541 4
1358  233    -10.345      7.646      6.917 4
 210  190    -22.533      1.440     -2.391 4
  -1   -2      8.898     -3.168     10.303 4
  -1   -2     12.490      7.027     13.827 4
 190  210    -15.620      5.826     19.242 4
 771 1624    -23.303      6.035      3.800 4
  -1   -2    -12.376     -3.126      1.567 4
  -1   -2    -17.421     -0.510     -1.085 4
  -1   -2    -10.396      4.140     10.548 4
 126  257    -10.107     -0.853     14.925 4
 246  129     -4.237      3.160     15.915 4
 347  147    -22.901      4.147     -5.088 4
  -1   -2    -14.566     -0.908      9.608 4
  -1   -2    -22.371     -8.843      2.089 4
  -1  227      5.164     -3.145     18.600 4
 314 1436     20.742    -10.396      9.260 4
  -1  609     -6.130     -2.393     13.425 4
  -1  131      4.470     15.847     12.473 4
  -1   -2      8.130     -5.617     11.614 4
  -1   -2     23.610     -0.034      7.871 4
 184   -2      5.562     -0.126     11.540 4
 575  974     -0.396     -6.612     18.440 4
  -1 2125      4.100     15.608      9.580 4
 227 1383    -10.810     -0.436     19.864 4
  -1  160    -20.364     -9.504     -7.350 4
  -1   -2     13.099     -4.776     11.700 4
  -1   -2     -4.894     -2.491      5.602 4
  -1   -2      3.039      3.931     14.186 4
  -1  149     16.330     16.600     19.230 4
  -1   -2      1.575     11.189     11.746 4
  -1   -2     22.794      5.064      3.283 4
 217   -2     -6.699      3.224     15.185 4
  -1   -2      1.218      7.793     13.770 4
 762  161     -7.134     -1.826      8.568 4
  -1   -2    -15.097      2.355      6.982 4
  -1   -2    -12.086     -9.864      9.074 4
  -1 2169      0.239     11.296     17.629 4
  -1 2161    -19.237     -0.244      3.469 4
  -1   -2    -16.362    -10.551      9.027 4
  -1 2174     -9.045      9.107      2.849 4
 175   -2    -20.194     -9.612     10.868 4
  -1   -2     12.053     13.482     10.993 4
  -1   -2    -11.596     -7.737      9.944 4
 219   -2     -8.625     -8.702     10.588 4
1434   -2     -5.487      5.985     18.395 4
  -1 2097     17.156     -2.613     12.540 4
  -1   -2     15.033     10.296     19.362 4
  -1   -2    -14.033     -7.170      1.341 4
  -1   -2     11.511     -7.233     15.417 4
 284  291     -0.889     -1.783      4.545 4
  -1  252    -23.866     -2.947      3.466 4
  -1   -2     25.905      2.017      2.839 4
 272  189    -13.199      1.904      1.525 4
 123 1309    -19.360     -6.404     -3.667 4
  -1   -2    -11.977     -2.968      6.481 4
 261   -2    -16.313      1.503     17.736 4
  -1 1917     21.529     -7.878      7.180 4
 172  105    -22.584     12.422      1.274 4
  -1   -2     24.611     -2.476      4.539 4
  -1   -2     -2.513      5.042      4.284 4
  -1   -2     20.670     11.163      3.771 4
  -1   -2    -22.168     11.870      0.535 4
  -1   -2    -21.012      3.187      8.353 4
 200  217      1.947      0.729     18.569 4
 231 1891      0.831     13.693     16.428 4
 145 2130      0.338     12.482     11.855 4
  -1   -2     -5.483     -0.646      0.179 4
  -1   -2    -24.082     -9.321      2.477 4
  -1   -2      4.299      7.094     -3.378 4
 185  228      5.376     -2.695     11.647 4
  -1   -2      6.828      0.602      6.304 4
  -1  222    -23.853      3.692     -0.883 4
  -1   -2      3.383     11.867     11.217 4
 292 2150      7.949     -2.611     18.653 4
  -1   -2     -4.440    -12.767     -6.677 4
  -1   -2      6.296     12.224      4.269 4
  -1   -2    -11.423     14.714     10.937 4
  -1   -2      6.587      0.024     12.977 4
  -1 1401    -16.823    -11.772      4.138 4
 247 1397    -13.976      0.013     -2.879 4
  -1   -2     -6.689     -7.004      6.792 4
  -1 2143    -20.101    -10.830      9.860 4
  -1   -2    -20.719      7.098      4.145 4
 262   -2    -20.908     -1.390      9.487 4
  -1 2151     24.184      2.790      3.712 4
 230   -2     -3.260      5.347     19.134 4
  -1   -2      5.327    -13.100     20.132 4
 254  673    -15.119     -9.350     12.561 4
  -1   82    -12.772     11.656      2.603 4
 151   -2     -4.084      2.791      1.910 4
  -1  287    -10.677    -11.384      0.725 4
  -1 1912     16.628      1.423      3.710 4
  -1   -2     -0.121     15.428     13.588 4
  -1  256      2.635     -2.654     17.460 4
  -1   -2      5.599     11.793      7.972 4
  -1   -2    -20.498    -11.682     -4.407 4
2012  268     -6.599      8.357      4.024 4
 789 1629    -16.819      1.877     -4.917 4
  -1   -2    -20.940     -7.150      4.917 4
  -1  253      5.262     17.222      9.052 4
  -1   -2     11.464     11.518     -5.115 4
  -1   -2      2.486     14.659     10.501 4
1009 1881     16.212      4.023      5.276 4
  -1   -2      0.409      3.101     -9.161 4
  -1   -2      0.239     16.964     15.148 4
  -1   -2    -16.281     -3.965      1.607 4
  -1 2162     15.103     15.921     17.138 4
  -1 2271     26.388     -1.328     -0.298 4
 274   -2    -11.351      2.076     15.714 4
  -1   -2    -12.724      7.199      5.288 4
  -1   -2      2.153     17.287     15.066 4
  -1   -2    -18.707    -10.213     18.948 4
  -1   -2    -17.710    -11.403      4.845 4
  -1   -2     13.567      4.558      7.093 4
  -1   -2    -11.458     11.139      5.536 4
 337 1446    -19.162     -9.087     11.350 4
  -1  302    -10.754     -7.582      5.795 4
  -1   -2     -6.976      2.937      6.082 4
1596  288     -6.701     -4.213      4.476 4
  -1 2192      4.767      5.126     -4.840 4
  -1   -2     -4.150      7.598      2.640 4
 821  264    -21.120      8.210      4.120 4
 305   -2      4.827     -0.408     19.144 4
 297   -2    -14.305     -0.658      9.356 4
  -1   -2    -19.977      2.661     -6.928 4
 317  344     -5.586      2.487     19.899 4
  -1   -2     -3.764     12.691      5.397 4
  -1  311      2.489     -6.989     13.129 4
  -1   -2     -6.102      8.150    -11.356 4
  -1   -2     12.942     10.617      2.735 4
 301 1432    -19.744      1.195      3.320 4
  -1   -2     -4.733      9.268      9.845 4
  -1   -2    -20.958     -3.456    -12.083 4
  -1   -2      6.490     -0.747      6.665 4
  -1   -2      0.383      6.767     18.262 4
 229   -2     -5.574    -10.099     11.291 4
  -1   -2     -4.838     17.688     14.965 4
  -1   -2     18.948     11.345      1.643 4
  -1   -2      4.320     -7.151     17.424 4
 325  611      3.554     11.483    -15.112 4
 333   -2    -21.915     13.056      4.658 4
 350  343     10.269     -6.341     -6.017 4
1679   -2     -1.581     14.318     13.739 4
  -1  266     -5.060     -6.134      0.013 4
  -1   -2     -9.747    -13.737      1.838 4
  -1  644      4.616     -0.550     10.673 4
  -1   -2      3.530     -5.750      2.771 4
  -1 1890     10.703      2.819      2.474 4
  -1   -2      5.923      5.137     -0.616 4
  -1   -2     23.237      5.325      0.908 4
  -1   -2     -7.971    -10.436      0.024 4
  -1   -2     16.164      4.975    -11.650 4
  -1   -2     -9.340     -4.406      1.916 4
 356  769     -0.943     14.771      4.182 4
  -1  299      5.074      4.721      4.797 4
 893 1650     15.814     11.937      3.967 4
 295  378      1.713     16.597      8.335 4
 285   -2    -20.318    -10.278      1.537 4
  -1   -2     -4.444     16.957     14.143 4
  -1  315     -8.550      1.563     -1.702 4
 952 1662     10.321      4.918      2.843 4
 341  276     -4.021     11.527     16.450 4
  -1  289     12.803     -1.184      7.466 4
  -1   -2    -19.349      7.145      7.038 4
  -1   -2     -7.474      0.624      0.695 4
 386 1459    -17.414      9.718      2.401 4
  -1   -2     -1.152      8.584      3.186 4
  -1   -2      9.676     10.285      8.305 4
  -1   -2     15.365      7.619     -2.079 4
 390  375    -24.132     10.331      4.907 4
  -1   -2     -7.542     11.992     -0.992 4
  -1   -2     -9.606      1.470      1.012 4
  -1  280     -8.124      9.363      6.272 4
  -1   -2     -4.379      0.145     18.926 4
 330   -2    -20.848      8.883      5.646 4
  -1   -2     -3.702     -1.916     -0.665 4
  -1   -2     14.169     12.408     -1.651 4
  -1   -2     -9.679    -13.977      3.035 4
  -1   -2     -3.311     12.053     -0.106 4
  -1 1906    -12.475      7.389     -1.131 4
 375 1457     -4.072     16.706      5.828 4
 353  340     -4.463     -0.159     -4.107 4
1424 2279     -0.918     14.330     10.490 4
  -1  931     -7.445     15.351      2.373 4
  -1   -2    -14.474      7.248     18.184 4
  -1 1071     -6.900      7.730     -2.808 4
  -1   -2      8.254      7.037     -3.568 4
  -1   -2    -22.168     11.754      8.327 4
  -1   -2    -18.854     -5.617    -17.864 4
  -1   -2     -6.842     -6.435      2.261 4
 391  357     -9.043     -2.320     -0.179 4
 364  372     -9.008      4.945     -3.172 4
  -1   -2    -18.082     -1.235     -4.418 4
 866  332    -19.634     11.072      1.048 4
  -1 1070      0.635      8.592      4.010 4
  -1   -2    -14.608      9.318     -0.642 4
  -1  382      3.733     10.500      2.374 4
  -1   -2      1.108     -0.645      6.193 4
  -1   -2      5.226     11.688      1.536 4
 385 1140      6.203     -9.858     -2.888 4
  -1 2200     13.041    -13.129     11.251 4
  -1 2060     13.389     -9.386     10.155 4
  -1   -2     -7.676      6.535      6.630 4
 543 1545    -15.706     -3.463      9.601 4
  -1   -2     13.890    -14.290     10.246 4
  -1   -2     16.256      1.963     -5.622 4
  -1 1471     11.570    -10.984      8.918 4
  -1 2205     -0.971    -16.094     12.810 4
  -1  495     -4.113     -4.602     18.236 4
  -1   -2      0.782    -15.727     16.914 4
  -1   -2     16.861    -12.786      5.911 4
  -1   -2    -20.016     13.201      0.158 4
  -1   -2      3.057    -17.338     13.890 4
  -1   -2    -12.822     12.210     19.210 4
 429 1481     -0.276     -8.267      8.614 4
 441 1489    -18.166     -1.818     11.020 4
 469 1508     24.753     17.505      8.353 4
  -1   -2     25.793     12.584      5.715 4
  -1   -2      2.559     -6.480     10.389 4
  -1   -2    -21.502     -7.850     -2.533 4
  -1   -2     -5.940    -13.286     10.920 4
  -1   -2     -0.634    -14.513     12.628 4
  -1   -2     21.234     -4.860     10.396 4
  -1 1961     -9.028    -15.842     11.188 4
  -1  422      4.228    -15.878     18.915 4
  -1   -2     18.694     -5.003     16.635 4
  -1  515     -5.114     -5.483      1.918 4
  -1   -2     -5.740     13.038     19.787 4
  -1   -2      9.510    -14.998     11.787 4
  -1   -2    -11.114     -6.351      6.547 4
  -1  430     11.968     -5.859      8.858 4
  -1  431     -0.191     -2.647     -8.060 4
  -1   -2      3.469    -12.348     15.236 4
  -1  398     22.938     14.973      3.514 4
  -1   -2     -6.532     -5.223     15.893 4
  -1   -2     -5.925    -15.271     16.747 4
  -1 2215     -5.139    -14.398      9.058 4
  -1  538    -17.238     -3.733     -5.767 4
  -1   -2     -6.780    -13.389      7.736 4
  -1   -2    -22.402      2.008      3.386 4
  -1 2219    -24.604     -4.196      3.152 4
 451 1494     -4.151     -8.793    -11.804 4
  -1   -2     -6.382    -11.886      4.440 4
  -1 1501    -17.698     -4.374     -0.349 4
  -1   -2     -5.911      1.712      5.983 4
  -1   -2      4.770    -14.145     16.371 4
 516 1532    -17.196      8.051     14.635 4
  -1   -2     -8.725      2.010    -12.080 4
 539 1543    -10.586     17.196     14.928 4
  -1   -2     -8.458    -14.171     15.114 4
  -1  413    -23.253     -2.077      7.574 4
 509 1527    -11.406    -10.916      9.657 4
  -1 1479    -14.037    -10.346     16.771 4
 560 1556      7.889    -13.387      4.901 4
 525 1539    -20.931    -13.558      1.936 4
  -1 1313     -2.560     10.809      7.694 4
  -1   -2     -6.640     -8.316      8.555 4
  -1   -2      0.073    -12.722     -1.709 4
 283 1421     17.287      5.248      4.557 4
 474 1512      1.696    -15.925      8.931 4
  -1   -2     -9.027     -0.893      1.183 4
  -1   -2    -13.344      5.271      6.239 4
 453 1495      2.249      9.238    -10.267 4
  -1   -2      4.686     -8.752      9.826 4
 842 1643      2.732     -2.184      8.543 4
  -1   -2    -10.305    -12.218     10.820 4
  -1 1517     17.351     -3.946     15.542 4
 445   -2     -9.830     10.765     20.208 4
  -1   -2      3.059    -10.258      9.471 4
  -1   -2    -21.385      2.030     -6.602 4
  -1   -2    -18.981    -10.003    -19.792 4
  -1   -2    -15.774     -1.490    -16.264 4
  -1   -2      1.667     -8.783      9.652 4
  -1   -2    -13.218     11.612     16.398 4
  -1   -2     -7.437    -10.030     13.763 4
  -1   -2     22.179     14.153      9.865 4
  -1   -2      7.588      3.478    -12.123 4
  -1   -2     20.772      0.941    -15.120 4
  -1   -2    -12.517    -11.542     16.885 4
  -1   -2     -0.260     -6.706     15.108 4
  -1   -2     -2.660    -12.325     13.777 4
  -1 2239    -16.445     11.633     13.587 4
  -1   -2    -15.168      5.740      3.498 4
  -1   -2    -10.171      9.707     13.384 4
  -1   -2    -15.768     15.128     18.976 4
  -1 2226      9.714    -15.116      7.017 4
  -1 2213     26.735     -0.111      4.591 4
1117   -2    -23.710     -2.769      0.229 4
  -1   -2      2.162     -5.541      8.729 4
  -1   -2    -16.903     13.381     15.942 4
  -1   -2    -18.317    -12.364     -0.113 4
  -1 2203     -5.951    -12.594      7.159 4
  -1 2259     22.332      7.686     -7.878 4
  -1 1520     16.750    -10.865      6.720 4
  -1   -2      3.009     -3.790     13.941 4
  -1   -2     10.916     10.854     -0.720 4
  -1   -2    -15.360     11.144     -9.938 4
  -1  452    -12.020     14.389      3.832 4
  -1   -2     -4.312     -3.512      5.579 4
  -1 2047     17.495      7.440     10.155 4
  -1   -2     18.831     -1.579     19.870 4
  -1   -2    -17.610      9.595     -0.300 4
  -1   -2     21.459     -7.561     12.902 4
  -1   -2    -13.002     10.183      4.564 4
  -1 1970     11.253     -6.759      4.852 4
  -1   -2     -8.248      7.321     15.781 4
  -1 1926    -10.073    -14.031      6.455 4
  -1   -2      3.852     10.055      8.853 4
  -1 2221     -2.649    -15.265     17.833 4
1515 1935    -17.461     -4.774    -11.230 4
 456 2280     -0.521    -12.634     18.770 4
  -1 1950    -17.936     10.929     13.446 4
  -1   -2     -9.828      0.719     -9.419 4
  -1   -2     -6.875    -10.817      3.744 4
  -1   -2      5.743      6.122      3.119 4
  -1   -2     -6.331    -10.860      4.487 4
  -1   -2    -22.917      5.336      9.740 4
  -1   -2      5.981     -1.281      7.169 4
  -1   -2     12.177     -7.407      6.533 4
 813 1634    -22.144      5.901     -0.736 4
  -1   -2     -9.126      7.268      1.950 4
 420  556    -11.314     -0.915     12.751 4
  -1   -2     20.662      7.244     15.777 4
  -1   -2    -24.547     -2.595     -1.798 4
1980   -2     -8.998     11.550      8.578 4
  -1 1553      5.463    -13.913     15.100 4
  -1   -2     19.357      1.759     13.253 4
  -1   -2    -11.745      0.126     12.296 4
  -1 2030    -11.483      0.528     13.559 4
 594 1569     12.261     -8.238     15.752 4
  -1 1996     20.301      7.385     -6.078 4
  -1 2256     20.548      3.556     -2.301 4
  -1   -2    -26.007      3.933      0.761 4
  -1   -2    -19.659     -5.683      0.248 4
  -1   -2     16.854     17.602     15.861 4
  -1   -2     -3.902      9.286     10.284 4
  -1  569     -0.787     -8.143      4.943 4
  -1   -2      5.233     -9.015     15.463 4
 489   -2    -11.916     -3.235     16.476 4
 668  606    -16.926     12.971     15.528 4
  -1   -2     -8.373     -1.763     16.534 4
  -1  458     16.422     -8.973      0.996 4
  -1   -2    -24.076     -2.823      6.351 4
 614  539    -17.957    -12.305     16.894 4
  -1 2019    -13.612     13.383     11.963 4
 637 1583      3.010     11.549     13.989 4
 563 1875    -21.909      3.294     10.671 4
  -1   -2     -9.535     -5.118    -15.519 4
 655   -2    -11.137     -5.773     19.324 4
  -1   -2      1.377     -8.843      7.090 4
  -1   -2    -17.673      1.030     10.455 4
  -1   -2      7.415      2.632      0.880 4
  -1   -2     -6.279     11.411      8.232 4
  -1 2240    -12.978     12.558      8.653 4
  -1  516     -7.595     -9.584     17.156 4
  -1   -2      7.334     -0.454     13.962 4
 552 1552    -14.103     11.410      9.800 4
  -1   -2     13.069      0.864     13.756 4
  -1  733    -19.129      9.687     10.531 4
 564 1558     -3.806      8.359    -14.631 4
  -1  477     -1.240     15.241     -3.480 4
  -1   -2     -2.770    -12.202      4.097 4
 592 1567     -6.339     -0.913     14.436 4
  -1   -2    -13.524     11.032     16.900 4
  -1 2231    -14.042      6.147     10.658 4
  -1   -2      2.969    -16.856     14.396 4
  -1   -2      2.999     -8.932     13.665 4
  -1  510     -6.141     -7.572     16.021 4
  -1   -2      7.422     16.141     -0.213 4
  -1  615     15.626     -3.687     19.104 4
  -1   -2    -16.621    -10.948     17.318 4
 796 1631      8.511      9.462      6.112 4
 512 1530      2.539     -6.565     -5.949 4
  -1   -2     -3.922     10.205      8.355 4
  -1   -2     19.830      9.555      1.582 4
  -1   -2      7.018      6.715    -17.031 4
 656 1588    -15.428      1.663      7.881 4
  -1   -2     -4.147     -6.869      2.482 4
  -1 1991     20.068     -7.032     -0.128 4
  -1   -2     18.391      6.132      4.979 4
  -1   -2     -0.527     -8.320     18.290 4
  -1   -2    -10.941     -7.898     11.436 4
 682 1595      0.040     10.168     -8.129 4
  -1   -2    -14.469    -11.011    -11.364 4
 464 1505     24.240      9.869      0.773 4
  -1  403      9.904     -9.852     -4.375 4
  -1  584    -16.689     -5.467     18.259 4
  -1   -2     -4.699     14.778     15.642 4
  -1  715    -10.342     13.392      0.275 4
  -1   -2     -9.026     11.826     12.651 4
 355  770     13.185     -7.166     -8.069 4
 750 1616     -4.274     10.291    -19.591 4
 615  572     24.099     -0.197      1.371 4
  -1   -2      5.690    -14.492      7.119 4
  -1   -2      1.499     14.398      5.818 4
  -1   -2      5.167      2.305      2.290 4
  -1 2255    -14.657      0.195     16.479 4
  -1   -2     11.209      0.935     16.556 4
 925 1658     -3.327     18.703     11.881 4
 593 1568    -18.194      2.079     10.894 4
  -1   -2    -12.829      4.887      1.345 4
  -1   -2     -5.870     13.161      8.572 4
  -1  482     -4.873    -12.714     19.716 4
  -1   -2      2.839      1.371     12.823 4
 404  342    -14.359     -2.957     -3.052 4
  -1   -2    -12.493      4.617     15.842 4
  -1   -2    -20.185     -3.096    -16.482 4
1509   -2     12.964     -0.521    -12.273 4
 738 1613    -14.992     -8.586     16.400 4
 555 2281    -23.342     -4.768     -0.863 4
  -1  719     17.709     -0.056     19.785 4
  -1   -2    -13.671     -2.776    -16.296 4
  -1   -2    -19.966      2.203     14.323 4
  -1   -2    -14.844      4.038     14.894 4
  -1   -2     16.193      5.064     12.598 4
  -1   -2      9.683    -13.441      3.065 4
  -1   -2    -25.495      6.945      0.396 4
 721  603    -13.457     -7.277     -2.221 4
  -1   -2     18.266     12.168     16.312 4
  -1   -2      3.782      2.011     -0.975 4
  -1  397    -17.737      8.525    -11.401 4
  -1  753     20.283     16.948      7.895 4
  -1   -2     -1.075      4.419      2.172 4
  -1   -2     14.698     -3.499      1.171 4
  -1   -2     14.459      7.234     19.955 4
  -1   -2     -4.728      9.117     12.740 4
  -1   -2      6.454     -5.510     -8.717 4
 468 1507     20.066     -9.292    -15.267 4
  -1 1590     13.950     10.727     16.879 4
  -1  101    -10.323     -0.871     12.271 4
  -1   -2    -15.126      5.911     -2.203 4
  -1   -2     -7.436      8.211      7.520 4
 396  404    -20.206      6.602      9.231 4
  -1   -2     11.765     -8.185     -5.881 4
  -1   -2     -6.854     16.837     15.969 4
  -1   -2     -2.668     -4.527     -5.389 4
  -1   -2     -1.170     -7.137      4.867 4
  -1   -2      5.693     11.307    -13.149 4
  -1  635     -1.460      3.930      4.396 4
  -1   -2      7.818    -10.259     19.145 4
  -1   -2     -2.225    -15.835      8.952 4
  -1 2251     24.265      5.296      9.981 4
  -1   -2      5.701     -4.472     15.316 4
 696  654      0.117    -14.386     20.155 4
  -1  591      3.226     -0.783      4.305 4
 636 1582     -3.312     -4.937     16.738 4
  -1   -2    -15.532     -1.642     -8.165 4
  -1   -2     13.150     14.161     14.337 4
  -1   -2      6.070      8.239     13.829 4
  -1 2249     21.599      8.466     16.694 4
  -1   -2    -16.994     -4.080    -19.462 4
  -1   -2     15.658      3.900      2.159 4
  -1   -2     12.176     -0.718     13.334 4
  -1   -2      0.120     17.325     20.235 4
  -1   -2     -9.005     -2.035     -6.849 4
 617 1911      8.303      8.959      8.017 4
  -1   -2     12.704     -2.582    -12.001 4
  -1  749     12.974     -9.633      4.233 4
  -1   -2    -16.646     14.998     18.571 4
 755  711    -15.644     -8.796     16.634 4
  -1   -2    -17.351      9.088      5.645 4
  -1   -2      0.403      8.665     -0.954 4
  -1  282     -2.698     12.614      3.800 4
 729 1609      8.842     -2.197    -15.132 4
  -1   -2      3.540      6.425      9.659 4
 508 2282     -4.324    -11.920      4.953 4
  -1  679    -12.896      9.498     19.087 4
  -1  717     -1.585     15.299     17.161 4
 600  616     22.300     -4.264     -0.842 4
  -1   -2     -5.054     15.180     11.841 4
  -1 2266    -24.173    -13.600      4.711 4
  -1   -2    -12.451     -1.943     12.566 4
  -1   -2     -9.701      5.230     11.679 4
1518 1938     20.299      3.799      9.983 4
 760 1618      8.036     -5.091      9.479 4
 706  689     -5.105     -4.148    -10.777 4
 646  664    -16.961     -9.072    -15.422 4
 778 1628     14.725      4.772      5.887 4
 640   -2     17.677      4.778     -4.240 4
  -1   -2    -22.026     -7.654      8.421 4
  -1   -2     17.581      4.888     -0.570 4
  -1   -2     17.139     -7.540     17.069 4
  -1   -2      5.979     -8.840    -13.261 4
  -1  580    -14.075      2.528      4.598 4
  -1   -2     -0.047      8.379    -14.334 4
  -1 2146     -3.249      8.002      7.354 4
 880 1647      2.829      8.704     -7.121 4
  -1   -2     -0.509      2.659      4.515 4
  -1  242     -1.988      7.782     15.196 4
  -1   -2     11.049    -16.100     13.569 4
  -1   -2     -1.001      8.568    -11.574 4
  -1   -2     19.361      6.442     -0.853 4
 450  784    -13.563     11.598      2.525 4
  -1   -2      7.697    -10.210     -7.563 4
  -1   -2    -21.190      0.203    -10.209 4
  -1  666     25.834     -4.764     -1.107 4
  -1  709    -20.029    -11.910     -0.688 4
 685 1597      8.298    -16.778     11.626 4
  -1   -2      2.520      0.177      5.225 4
  -1   -2    -23.013    -14.324      4.897 4
  -1   -2     -0.914      2.559      9.490 4
 557  772    -18.635     -5.856     17.209 4
  -1   -2     -0.644     16.073      2.325 4
  -1   -2     -9.610     14.838      8.428 4
  -1  438    -15.489     -4.268     12.657 4
 907 1652      2.695     -4.539     19.579 4
  -1   -2     13.418    -10.055     19.151 4
  -1  527      5.477     -4.642     -6.687 4
 669   -2      0.089     -6.890     -2.339 4
  -1   -2     11.934     13.312      9.310 4
 805  627    -20.465      5.724     14.528 4
  -1   -2     -6.308     -1.750     -5.388 4
  -1   -2    -13.560     -7.238    -18.323 4
 541 2027     -2.998    -15.984     10.896 4
  -1   -2     -7.148     -3.409      5.950 4
 694 1601     11.867     13.398     12.557 4
  -1   -2     -0.596     -2.936      4.754 4
 715  816     20.868     -3.826    -12.345 4
  -1   -2     -5.201      6.058     -5.378 4
  -1   -2      0.517     11.824     18.401 4
  -1  735     19.167    -12.017     14.414 4
  -1   -2     23.909     -9.841    -10.383 4
  -1   -2    -19.511     -8.383      7.564 4
 883  636    -11.423    -14.934     14.181 4
  -1 2244     15.107    -10.563     -3.088 4
 775  831      4.682     12.584    -11.157 4
  -1   -2    -22.739     -9.555     -8.327 4
  -1   -2     -1.671      1.191      6.580 4
  -1   -2    -20.225      9.260      8.875 4
  -1   -2      8.837    -11.640      7.884 4
  -1   -2    -24.552      5.754      4.368 4
  -1 1976      7.347    -11.328      5.421 4
  -1   -2      6.230     -7.188    -13.852 4
  -1   -2    -19.514     -3.083      2.973 4
  -1   -2      8.428    -11.415      8.325 4
  -1  813    -16.625    -12.141     17.913 4
  -1   -2     -7.572     10.484      7.004 4
 833 1639     -0.312     -3.104      2.950 4
  -1  557    -21.223     -5.588     -5.530 4
  -1   -2      5.884      6.091     -2.943 4
1110 1667     22.388     10.650      1.621 4
 772 1625     12.984      4.275     18.700 4
  -1   -2     20.537      2.802    -17.913 4
  -1  405     10.355    -13.739     -3.368 4
  -1   -2      8.843      9.843     15.134 4
  -1  978      4.528    -14.075     17.699 4
  -1   -2    -16.133     -9.439     -0.795 4
 884 1648     20.592     17.335     10.451 4
  -1   -2      4.468      2.911    -19.133 4
  -1   -2    -11.671      9.860     12.218 4
 826 1638     21.157      2.109     -3.507 4
  -1   -2     13.954     -9.960     -7.924 4
  -1   -2     14.275     12.429    -10.272 4
  -1   -2     18.999      3.910    -19.620 4
  -1   -2     16.128      4.634    -17.458 4
  -1   -2      0.498     -2.960      1.668 4
  -1   -2    -12.612      3.374     13.314 4
  -1  703     -1.384     11.789    -10.362 4
 809  933     21.649     15.873     11.157 4
  -1   -2     24.160     15.055     -4.081 4
  -1   -2     -8.840      5.915     12.438 4
  -1   -2     -1.924      7.448     -4.735 4
  -1   -2    -12.362     -9.397    -17.864 4
  -1   -2     -2.921    -12.770      1.508 4
  -1   -2     26.564     -1.768      3.353 4
  -1   -2     -6.664      5.429    -15.538 4
  -1  213     21.108     13.446     15.221 4
  -1  657    -18.951     -3.406      6.377 4
 698   -2      9.934     -6.209      2.976 4
 751 1617    -24.991     -4.782      3.465 4
  -1 2260      5.403     -8.926      6.700 4
  -1   -2    -21.617     -4.657     -8.725 4
  -1   -2     17.888     16.121      6.398 4
  -1 1665     19.599     14.772     13.259 4
  -1   -2     23.967    -13.561      3.869 4
 606  695     22.163     -0.850     -7.341 4
  -1  450      1.610     -2.130     -9.560 4
 699   -2    -18.209    -15.166      4.769 4
 898  840     26.788      0.398     -7.272 4
  -1   -2     16.956      7.450      3.490 4
  -1 2253     23.705     15.180     10.628 4
  -1   -2     20.196      7.146     13.954 4
1004 1664     17.678     10.195     -0.044 4
  -1   -2     -1.207      9.068     -5.108 4
  -1  545     21.290     -1.110      3.687 4
  -1   -2     12.058    -14.304      2.519 4
  -1   -2      8.288    -13.508     -8.183 4
  -1   -2      5.949    -16.623      9.103 4
  -1  348     -0.957      6.317      6.896 4
  -1  446    -14.430     -3.932    -15.237 4
  -1  675     20.850     -7.272     17.092 4
  -1  568     17.077      7.186     18.311 4
 858 1646     -2.626     -9.700      8.480 4
  -1   -2     -8.301     16.192      4.570 4
 749  767    -11.055      0.995     11.347 4
  -1   -2     -5.674      9.188     16.576 4
  -1   -2     -2.103     -6.613     11.354 4
  -1   -2     -1.798     -1.926      6.798 4
  -1   -2    -11.494     -6.448     14.671 4
  -1   -2    -20.810     14.228      7.634 4
  -1   -2     -4.987     10.018      3.168 4
  -1   -2    -21.069     10.985      0.771 4
 967 1663    -11.505     16.501     11.228 4
  -1   -2    -11.332     -0.328      4.068 4
  -1   -2    -16.383      5.659     19.496 4
  -1   -2    -16.660     -3.460      8.292 4
  -1  752     14.982      1.963    -18.616 4
  -1   -2     -6.635      4.736     -4.329 4
  -1   -2     22.407     -1.665    -11.914 4
  -1   -2     13.714    -15.922     18.974 4
  -1   -2     -0.682      0.635     -8.367 4
  -1   -2    -23.059    -13.495      4.753 4
  -1   -2      7.090      5.914    -11.418 4
  -1   -2    -18.733      6.566      7.317 4
  -1   -2    -17.524      6.912      0.199 4
 188  491      5.551      5.153     13.904 4
 803 1633    -17.138      9.183    -11.323 4
  -1  464     11.849     14.099     12.913 4
 735  221     20.656     12.820     11.442 4
  -1   -2     17.819      1.736     -7.933 4
  -1   -2     16.712      6.446      5.670 4
  -1   -2     -3.422      9.804     14.352 4
  -1   -2     27.032      2.658      2.585 4
  -1   -2      4.752     -8.642    -12.639 4
  -1   -2      9.025     18.474     16.671 4
  -1   -2     10.883     15.665     18.204 4
  -1   -2     18.437     14.078      9.279 4
  -1 2009     -6.381     16.204      5.839 4
 479  930    -20.534     13.774      2.677 4
  -1   -2     14.821     -4.706      2.212 4
  -1   -2     -7.745     10.845     13.385 4
  -1  794     21.737     -1.981      4.597 4
  -1   -2    -15.813     13.535    -12.198 4
  -1   -2      0.765      1.883     17.983 4
  -1   -2      8.133    -14.714      5.941 4
 340 1448     20.123     -5.439      6.460 4
 929  873      2.203      4.648      7.496 4
  -1   -2      3.214      9.435     -3.433 4
  -1  968    -14.005    -12.763     -8.599 4
  -1 2029     23.899     17.850      2.540 4
  -1   -2     16.018      3.288     -3.483 4
  -1  318      3.921     -0.636      2.546 4
  -1   -2    -12.377    -16.020      5.429 4
  -1   -2     -2.246      6.988      9.604 4
  -1   -2    -20.712     14.874     12.997 4
  -1   -2     -4.183      8.155     -8.455 4
  -1   -2    -14.525      6.516    -14.213 4
 354 1088    -23.395     10.835      4.168 4
  -1   -2     -1.673     -3.903      2.171 4
  -1   -2     -5.512     14.023     -0.096 4
  -1   -2     11.409     -2.766    -19.195 4
  -1   -2    -18.160     -1.568      9.552 4
  -1   -2    -15.625      2.045     18.075 4
  -1   -2    -18.057      8.807      2.713 4
 830   -2    -25.065    -11.130      0.944 4
  -1   -2     -3.316     -7.680      3.243 4
  -1   -2      1.976     12.449     14.577 4
1323 2283      3.605      5.168      0.921 4
  -1   -2     23.090     13.044     -7.585 4
 873   -2    -13.283     -2.346     20.020 4
  -1   -2    -18.519    -12.345     17.379 4
 744 1615      1.162      0.656      3.574 4
  -1   -2    -17.019    -11.902    -10.712 4
  -1   -2     -1.181      6.855      0.964 4
 848 1644    -18.791      1.229     -3.179 4
  -1   -2    -25.312      8.702      1.118 4
  -1   -2     -8.640     -5.571      3.116 4
  -1   -2      8.276     17.521      9.792 4
  -1   -2     -0.381     -0.443     13.636 4
  -1   -2     18.774     12.449      1.294 4
  -1   -2    -20.003    -11.859     13.444 4
  -1   -2    -25.862     -3.060      1.047 4
 933  702     11.861     18.121     13.279 4
 837 1640      1.662     -0.175      2.518 4
  -1   -2     -5.461      5.533     -1.896 4
 603 1055    -13.595     -5.942     -9.620 4
  -1   -2     -2.798    -15.862     17.644 4
  -1   -2    -10.662      5.275     -8.834 4
  -1   -2    -10.487    -12.998      4.597 4
  -1   -2     -4.775    -12.602      5.281 4
 792 1630    -15.154      6.240    -12.007 4
  -1   -2      0.747     -9.511     20.028 4
  -1   -2    -17.183     10.342     19.045 4
  -1   -2    -17.217      8.729     -5.154 4
  -1   -2     20.644    -11.558    -12.703 4
  -1   -2    -17.987     18.126      9.169 4
  -1   -2      9.654     13.004      8.222 4
 919 1656    -10.232     -9.823     -8.936 4
  -1   -2     -2.896     -5.253      5.063 4
  -1   -2    -15.211      3.769     10.844 4
  -1   -2     22.121     14.225     12.431 4
  -1   -2    -20.719      1.828     -2.562 4
  -1   -2     -3.355     10.346     -9.907 4
  -1   -2     -6.475     -2.802     17.619 4
  -1   -2    -18.497    -10.881    -11.809 4
  -1   -2     13.747    -16.097      8.516 4
  -1   -2    -16.248      2.804     19.986 4
 382  923     -9.817      0.646     11.301 4
 765  965     11.663    -16.706      3.088 4
 851 1645     -0.443    -13.585      7.326 4
1676   -2      4.632     12.771     -1.934 4
  -1   -2    -11.226     10.129    -13.685 4
  -1   -2    -20.859    -14.411      3.974 4
  -1   -2     -6.173     -4.961     13.931 4
 344   -2     -3.355      5.549     10.358 4
  -1   -2     -2.893    -12.391    -13.361 4
  -1   -2     14.382      2.215     -5.687 4
  -1   -2      5.791     -2.957      0.964 4
  -1   -2      5.271      1.733     -1.940 4
  -1   -2    -18.007     -3.964     -5.014 4
  -1  354     11.495      1.921      3.613 4
  -1 2198    -11.484     -6.038      1.656 4
  -1   -2      9.755     18.382      7.475 4
  -1   -2     -7.517     -5.302     -4.662 4
  -1   -2    -23.010     13.160      6.280 4
  -1   -2     11.342      5.532     -0.301 4
  -1   -2    -20.472      6.823     -7.401 4
  -1   -2     14.576     13.473     18.074 4
  -1   -2     -3.632    -11.947     15.244 4
  -1   -2     -8.183      0.318    -16.351 4
  -1   -2    -13.657      4.535    -14.835 4
  -1   -2     -7.694      6.225      5.030 4
  -1  321    -24.867      5.253      0.241 4
 736 1612    -10.791    -13.019     -7.155 4
  -1   -2     21.036     -4.148     -1.299 4
  -1   -2     19.122     15.617     14.663 4
  -1   -2      0.174    -10.185    -17.473 4
  -1   -2    -19.883     16.418     -8.376 4
  -1   -2     15.826     11.279    -13.306 4
  -1   -2      2.382     -8.863     12.373 4
  -1   -2     12.704     -4.284     -9.569 4
  -1   -2    -16.594     14.078     19.235 4
  -1   -2    -18.894      6.698    -16.080 4
  -1  951     10.583     15.197      4.354 4
 913 1654      6.336    -15.152      8.548 4
  -1   -2     17.194      1.892     10.958 4
  -1   -2    -25.981      0.698     -0.891 4
  -1   -2     -2.029    -12.461     10.659 4
  -1   -2    -15.932    -14.395     11.913 4
  -1   -2     17.914      2.464    -10.444 4
  -1   -2      4.261      8.930    -14.942 4
  -1   -2     20.836      7.729    -18.295 4
  -1 1655     -2.938     -0.304     -6.118 4
 910   -2    -22.973      8.668      2.276 4
  -1   -2     -0.753    -15.574     10.687 4
 769 1623      2.234      7.002      2.429 4
 814 1635     15.354    -13.792     12.956 4
  -1   -2     19.515     -3.442      7.250 4
  -1   -2     -4.109      2.429     17.631 4
  -1   -2     -4.276     13.747     -6.203 4
  -1   -2     -1.672     -7.747    -16.679 4
 800 2028    -20.828     14.448      8.691 4
  -1   -2     18.324     11.067     -0.808 4
 235 1061      5.598      0.741    -10.658 4
 875  849     11.653    -16.046      5.633 4
1644   -2     11.018     -2.966     14.981 4
  -1   -2    -20.067     -3.767     -4.321 4
  -1   -2     -0.720     15.661      8.583 4
  -1   -2    -15.161     -6.940     20.094 4
  -1   -2    -10.245     10.210     11.095 4
 969  957     16.103      1.924      9.157 4
  -1   -2     16.313     -2.195      1.670 4
  -1   -2    -10.655      8.774    -10.643 4
 371   -2    -22.112     -9.459     10.317 4
  -1  908     -0.881      4.841    -10.954 4
  -1   -2     -3.312     -3.530      9.963 4
  -1   -2      9.850      6.631    -17.800 4
  -1   -2     -3.643     -3.254      6.042 4
  -1   -2     -7.155      1.004     -0.773 4
  -1   -2     -2.864      6.088      6.308 4
  -1   -2      4.196      5.243     11.620 4
  -1   -2     19.407      6.492     -1.977 4
1015   -2    -22.760     16.060      1.198 4
  -1   -2     -6.730     10.110     12.217 4
 374  983     16.514     16.312     20.064 4
  -1   -2    -18.169     -8.776     -0.626 4
1021 1077    -26.214     -5.061      1.378 4
  -1   -2    -18.321    -15.503     17.424 4
  -1   -2      9.776      7.366     -8.528 4
  -1   -2    -17.572      2.164    -19.415 4
 834   -2     10.438      2.790    -13.985 4
1470 1909     -2.277     13.272      3.472 4
  -1   -2    -12.875      2.941    -19.874 4
  -1  896      8.926      2.301      7.886 4
  -1   -2     -3.768     -0.928    -16.767 4
  -1  903      0.117     -5.523    -14.299 4
  -1   -2    -25.553      3.895     -0.741 4
  -1   -2      7.748     13.029     -8.899 4
  -1   -2    -16.153     13.656     19.528 4
  -1   -2    -12.447     16.290     14.043 4
  -1   -2     22.419     16.914     14.152 4
  -1   -2     -9.021      5.445     -6.220 4
  -1   -2     -3.452    -10.609     -6.234 4
  -1   -2     -0.293     14.174      4.123 4
  -1   -2    -21.386     17.532      9.986 4
  -1   -2      9.897      2.736     -3.356 4
 905  944     16.938     19.720      5.637 4
  -1   -2     -6.936     -6.106      8.716 4
  -1   -2      6.088      2.998     18.839 4
  -1   -2     19.156     -5.868     14.920 4
  -1  874     -4.278    -16.364     10.833 4
  -1 1057    -21.418     17.604      7.701 4
  -1   -2     11.311      5.763     10.384 4
  -1   -2     12.491     -8.761     12.077 4
  -1   -2    -15.736    -12.073     -2.302 4
 950  855      1.255     -5.843      9.512 4
  -1   -2     -3.024     -8.247    -16.574 4
 836   -2     -3.541      8.030      7.779 4
  -1   -2     10.959     -2.914     -5.303 4
  -1   -2    -24.898      2.271      2.797 4
 841 1642     -0.134     -8.618      1.222 4
  -1   -2    -22.591      5.785      4.626 4
  -1  946      0.753     15.340     13.013 4
  -1   -2     -4.201    -14.597     -1.795 4
  -1   -2     19.007    -15.122      7.704 4
  -1   -2     -9.352     10.238     -8.748 4
  -1   -2     19.862      7.034     -6.262 4
  -1   -2     18.340     12.469    -15.597 4
  -1   -2     18.863      2.898     16.158 4
  -1   -2     -4.855     15.071     19.443 4
  -1   -2      4.081      7.159     -6.394 4
 892  943    -14.230    -11.047     12.530 4
  -1   -2      7.922      3.648     15.607 4
  -1   -2     10.663      3.750      2.120 4
  -1 1641     20.631      4.436     -5.099 4
  -1   -2     13.466      9.547     17.337 4
  -1   -2     -4.681     -8.912     12.727 4
  -1   -2      6.692      6.003     14.085 4
  -1   -2      3.940      2.918     -2.813 4
  -1   -2     12.551     -4.880      0.576 4
  -1   -2    -19.919     15.129     16.560 4
  -1   -2     16.384     12.317     13.109 4
  -1   -2    -12.004     12.426     -1.324 4
  -1  862    -21.822      1.070     -2.497 4
  -1   -2     12.114     17.207     11.882 4
  -1   -2     16.093     16.312     -8.134 4
  -1   -2     -2.334     12.570     13.865 4
  -1   -2    -12.973     12.144      6.094 4
  -1   -2     -8.846     18.740      8.362 4
  -1   -2      3.566      9.705     18.094 4
  -1   -2      0.793     -5.486      9.530 4
  -1 1021     -4.925     18.185     13.667 4
  -1   -2    -10.566     -3.371    -17.877 4
  -1  376     -8.450     -6.852     15.545 4
  -1   -2     -3.090      1.985     -3.883 4
  -1   -2    -20.831     -8.359    -12.852 4
  -1   -2     16.244      9.683      1.267 4
  -1  940     -1.313      8.086      2.871 4
  -1   -2      2.741     14.877      3.063 4
  -1   -2      8.947     12.234    -10.523 4
  -1   -2     14.148      7.832     -2.805 4
  -1   -2     11.038     13.543     16.696 4
  -1   -2     17.338     12.949     -0.530 4
  -1 1105      2.760     18.966     14.086 4
  -1   -2      8.315     11.780     14.463 4
  -1   -2     23.276      0.071     -9.745 4
  -1   -2     -6.268      3.309      0.756 4
  -1   -2     20.219      4.523     -8.569 4
  -1   -2     -6.060     14.056      0.705 4
  -1 1078     23.339      9.783     -2.495 4
  -1   -2     24.045     12.090      5.467 4
  -1   -2     10.916    -10.325     13.495 4
  -1   -2    -10.423     14.711     17.163 4
  -1   -2    -17.728     11.027     -8.291 4
  -1   -2    -15.530     -2.829     16.135 4
  -1   -2    -16.585     15.889      8.489 4
  -1   -2     -5.621    -10.952      4.112 4
  -1   -2    -26.037     -7.043      0.576 4
  -1   -2      1.483     -6.330      2.995 4
  -1   -2    -11.378     12.678    -20.216 4
  -1   -2    -26.778      4.921     -0.371 4
1124 1668    -19.149     16.905      9.484 4
  -1   -2    -18.269     -8.993     -2.418 4
  -1   -2     -2.123      1.715     -5.929 4
  -1   -2    -16.795     11.678     18.760 4
  -1  846     -9.414     16.940      4.676 4
  -1   -2     20.986     15.689     -1.569 4
  -1  932     13.817     -2.223      0.671 4
1109   -2      6.852    -12.101      1.998 4
  -1   -2    -14.233     14.375      7.389 4
  -1   -2     -6.622      1.975     14.221 4
  -1   -2     19.760      6.664     -6.104 4
  -1   -2    -21.186    -15.448     -2.358 4
  -1   -2    -18.434     -9.082     17.999 4
  -1 1064     11.362     15.434      4.605 4
  -1   -2    -15.909     11.597     -5.876 4
  -1   -2     -1.599     12.530    -11.796 4
  -1   -2     21.408     13.342    -13.416 4
  -1   -2     21.696      7.244     -9.295 4
  -1 1005     15.419    -10.921     19.199 4
  -1   -2      0.090     11.107     12.432 4
  -1 1031     -3.359    -10.691    -11.469 4
  -1   -2      2.606     12.236    -10.680 4
  -1   -2      9.279      0.813    -12.653 4
  -1   -2     -5.092      4.589      8.282 4
  -1   -2    -12.113     11.256    -14.907 4
  -1   -2    -18.924     10.957     -1.243 4
  -1   -2    -20.415      7.109     12.574 4
  -1   -2    -21.595      7.329     -6.818 4
  -1   -2      5.341     15.034     -9.392 4
  -1   -2     15.387     -0.267     12.156 4
  -1   -2      7.740     15.596     18.722 4
  -1   -2     16.606     -3.551      5.078 4
  -1   -2     13.018     12.791     -8.781 4
1666   -2     24.935     18.620      1.689 4
  -1   -2     -5.861    -14.953      1.085 4
  -1   -2     23.263     -1.449     -0.647 4
  -1 1118     17.172     16.277      6.045 4
  -1   -2    -22.538    -10.103     -5.606 4
  -1   -2     12.454      4.426    -18.507 4
  -1   -2     18.179     14.704    -14.403 4
  -1   -2     -2.156     13.719      2.401 4
  -1   -2     18.382      4.825     11.255 4
  -1   -2     12.344     16.026     10.816 4
  -1   -2     15.211     -6.585     -2.256 4
  -1   -2    -18.673     11.872     -7.777 4
  -1   -2     14.411     12.230      5.560 4
  -1   -2    -20.029      5.100     -7.592 4
  -1   -2     13.241     17.358     15.009 4
  -1   -2    -24.673      8.710      5.410 4
  -1   -2     -9.582    -15.688      3.243 4
  -1   -2     13.379     13.568      3.200 4
  -1  381    -15.834     13.720      0.910 4
  -1   -2      2.676     -9.746    -16.005 4
  -1   -2     15.912     -4.253     -9.440 4
  -1   -2     -0.332      7.189    -16.850 4
  -1 1136      9.240    -13.261      1.408 4
  -1   -2    -15.511      9.495    -13.198 4
  -1   -2     17.232    -15.857      3.741 4
  -1   -2    -16.158    -16.789     15.925 4
  -1   -2      2.705     19.273     17.955 4
  -1   -2      0.187    -11.947     12.233 4
1153 1669     24.544    -11.388      8.820 4
  -1   -2     20.834    -11.481     18.525 4
  -1   -2     14.901     -8.587      5.777 4
  -1   -2    -11.297    -15.841     11.869 4
  -1 1157     20.677    -12.662      4.744 4
  -1   -2     18.410    -17.744     12.354 4
  -1   -2      6.175    -16.213     15.651 4
1175 1676      4.995     -7.580     14.231 4
  -1   -2    -18.348    -17.107     17.923 4
  -1  722     10.012    -16.817     11.673 4
  -1 1151     15.340    -13.825     19.298 4
  -1   -2     -0.253    -14.890      4.559 4
  -1   -2     23.555     -6.095     -1.932 4
  -1 1155     11.206    -14.684     19.957 4
  -1 1160     25.798    -10.431     10.749 4
  -1 1164     17.448    -15.178     13.620 4
  -1 1673     21.721     -4.731     18.495 4
  -1   -2     14.627    -19.151     15.599 4
  -1   -2     23.270    -14.130     10.146 4
  -1   -2      3.348    -16.640     18.093 4
  -1   -2     16.857    -12.954      0.515 4
  -1   -2     26.075    -11.390      3.163 4
  -1   -2     13.225     -4.018     12.878 4
1183 1678    -16.079    -15.608     19.691 4
  -1   -2     26.593    -10.626      9.398 4
  -1   -2     24.024      0.308     14.452 4
1178 1175     21.831     -5.852     12.214 4
  -1   -2    -22.764    -13.543      7.838 4
  -1  277     -6.000    -14.593     14.861 4
  -1   -2     21.170    -10.679    -13.442 4
1187 1679     21.148     19.075      9.445 4
  -1   -2    -20.267    -11.864     16.869 4
  -1   -2     23.946    -10.123      6.485 4
  -1   -2     15.748     17.927     17.348 4
  -1 1176     17.238    -14.549     17.045 4
  -1   -2     12.541    -18.794     16.767 4
1188 1186    -32.784     -6.926     18.713 4
  -1 1178     22.257    -10.798      8.910 4
  -1   -2    -26.480    -10.085      0.246 4
  -1   -2      0.622     -7.561     -5.953 4
  -1   -2     -9.109    -17.967     19.417 4
  -1 1192     21.330    -14.262      9.703 4
1189 1680     -0.098    -12.193    -16.433 4
  -1   -2     22.592      1.565      9.422 4
  -1   -2    -13.426    -18.548     20.001 4
  -1 1185    -17.737    -20.077     19.865 4
1191 1681     28.792     -8.823     10.925 4
1192 1190    -16.734    -17.632     13.207 4
  -1   -2    -15.674    -15.943     15.335 4
  -1   -2    -18.277    -16.712     15.480 4
  -1   -2    -12.440     15.230     -4.189 4
  -1   -2      0.360    -15.925     17.016 4
  -1   -2      9.240     18.099     18.902 4
  -1   -2     17.435    -15.605      0.748 4
  -1   -2     17.467      7.440     10.084 2
  -1 2185     -7.042    -14.882      6.609 2
  -1   -2     20.669      7.265     15.713 2
  -1 2036      6.654     -7.727     12.249 2
  -1 2053     22.061      9.414      6.034 2
  -1 2037     16.217      9.499     15.358 2
1205 1686     13.088     -3.229     12.370 2
  -1   -2      9.455     -7.293     15.500 2
  -1   -2     18.508     -4.288     15.721 2
  -1   -2     12.587     15.004     13.685 2
  -1   -2     10.483     15.125     17.810 2
  -1   -2      8.211     13.205     12.583 2
  -1   -2     22.063     10.429      9.781 2
  -1 2050      1.958     -1.528     17.290 2
  -1   -2      8.794     -5.538     16.590 2
  -1   -2    -20.881     -4.609      9.460 2
  -1   -2    -20.881     -4.609      9.460 2
  -1   -2     15.480     11.554     11.396 2
  -1 2051     21.603      8.776     11.429 2
  -1   -2      3.962     11.799     19.402 2
  -1   -2     15.660      9.050      9.510 2
  -1   -2     22.232     14.160      9.743 2
  29   -2     18.440      7.416     11.821 2
  -1   -2      9.010      8.946     12.911 2
  -1   -2     21.239     10.254      5.930 2
  -1   -2     19.901      5.108     17.144 2
  -1   -2     14.572     15.865     13.148 2
  -1 2078     11.288      6.693     11.315 2
  39 1703     19.309     10.107     16.098 2
  -1 1246      0.524     -8.177      8.790 2
  -1 2044     11.921      8.204     13.501 2
  -1   -2      4.009     -9.640     15.170 2
  -1   -2     18.955      6.747     11.226 2
1222 1698    -19.951      0.011      5.142 2
  -1 2209    -11.435     14.754     10.821 2
  -1   -2    -24.290     -5.509      4.091 2
  -1   -2     13.015     11.321     19.571 2
  43   -2      3.701     -4.016     12.725 2
  -1   -2    -24.523     -2.571     -1.702 2
  -1   -2      4.460      1.468     15.006 2
  -1   -2     12.660      8.048     10.713 2
  -1   -2     11.849      6.344     19.441 2
  -1   -2      8.622     12.788     16.346 2
  35 1229      4.640     -6.320     10.162 2
  -1   -2     23.624      2.087      4.644 2
  -1   -2     17.377      9.506     19.521 2
  -1   -2     14.093      6.702      9.524 2
  -1 2052    -13.279     -9.740      9.921 2
  -1   -2    -20.155     -8.648      9.905 2
  -1   -2    -20.155     -8.648      9.905 2
  -1   -2      9.403     12.973     18.814 2
  -1 2072      8.327     -9.787     17.250 2
  -1 2046      0.078     13.887     19.020 2
  -1   -2      9.859      5.745     13.161 2
  -1   -2     11.007    -10.902     14.404 2
  -1   -2    -19.763     -7.518      6.757 2
  -1 2086    -23.435     -3.559     -0.137 2
  -1 2092    -18.758     -7.328      7.067 2
  -1 2102      9.835     -9.237     15.939 2
1207   -2     11.071      1.126    -10.772 2
1258 1731      3.112    -10.238      9.590 2
 100 1285     -0.840      2.571      9.621 2
1199 2071     -7.415    -15.617     11.189 2
  -1   -2     18.818      7.139     14.619 2
  -1 2275      6.790      2.803     12.988 2
  -1   -2    -20.943      3.235      8.447 2
  -1 1749      9.003    -14.023     19.327 2
1277   -2      9.008    -14.014     19.340 2
  -1   -2    -18.781    -10.122     18.927 2
  -1   -2      7.860    -10.202     19.180 2
  -1   -2    -12.665      7.221      5.349 2
  -1   -2      3.817     13.362     17.385 2
  -1   -2    -14.043      6.165     10.671 2
  84   -2      6.480     10.651     12.768 2
  -1   48     12.947      4.710      7.746 2
  -1   -2     12.490      7.027     13.827 2
  -1 2189     -0.875      8.151     12.411 2
  -1 1752     13.169     14.015     15.524 2
  -1   -2     10.204     11.810     11.404 2
  -1 2066    -21.872     -5.137      3.631 2
  -1   -2    -18.097     -8.365      0.673 2
1276 1748      8.749     -1.369     15.022 2
  -1   -2    -10.323      4.160     10.588 2
  -1   -2    -25.998     -0.196      1.206 2
  -1   -2    -16.274      1.493     17.833 2
  -1   -2    -26.007      3.933      0.761 2
  -1   -2     -4.483    -12.760     -6.744 2
  -1 1312    -10.092     -0.788     15.080 2
  88   -2     13.272    -14.498     15.652 2
  -1 2087    -14.178    -11.690     11.900 2
  -1 2148    -13.477      1.347      3.630 2
  -1 2091     20.670     11.163      3.771 2
  61 1867    -11.484     -5.190      4.960 2
  -1   -2    -11.450     -5.212      4.989 2
  -1 2149      2.456      0.606     15.219 2
  -1   -2      9.571      6.004     15.974 2
  -1   -2    -21.512     -3.237      2.389 2
  -1 2103      7.711     13.060     11.780 2
  -1   -2    -24.044     -7.232      5.235 2
1391 2145      5.408      1.447     18.230 2
 137   -2     19.011      3.126      5.523 2
  -1 2175      5.935     15.939     13.287 2
  -1 2099      1.609     11.194     11.809 2
  -1   -2      5.403      9.393     14.909 2
 501   -2     -7.170     -8.827     11.844 2
1327 2278      5.586     -0.079     11.562 2
1300 1355    -17.385    -13.266      6.998 2
  -1   -2    -16.281     -3.965      1.607 2
  -1 2110    -23.799      3.730     -0.875 2
 124 1866     -2.221      3.381      4.043 2
  -1 2137    -20.902     -1.343      9.462 2
  -1   -2    -20.902     -1.343      9.462 2
  -1   -2    -14.655      4.687     15.324 2
  -1   -2      6.642      0.075     13.063 2
  -1   -2      5.346    -15.291     10.431 2
  -1   -2     22.619     -5.058      7.773 2
1333   -2     11.072      0.108      8.124 2
 111 2284      4.851    -14.182     16.642 2
  -1   -2    -23.845     -2.933      3.485 2
 127  185     -2.560     10.809      7.694 2
  -1   -2    -22.371     -8.843      2.089 2
  -1  407     -6.622      3.205     15.168 2
  -1   80    -16.490     -4.031      5.150 2
  -1   -2     -7.037      2.965      5.914 2
  -1   -2    -11.966     -9.558     -1.112 2
  -1 1789     -1.433      6.148     16.274 2
 120 2285      0.556     -0.957     18.509 2
  80 2286     -5.185     -2.450      2.301 2
  -1   -2      1.203      7.767     13.748 2
  -1   -2     23.216      5.324      0.853 2
  -1   -2    -24.082     -9.321      2.477 2
  -1   -2     22.794      5.064      3.283 2
  -1  120      9.349     18.229     19.768 2
1364 1824    -10.765     -1.968      5.921 2
1326 1795     -2.042      1.009     12.177 2
  -1   -2     -0.876     14.346     10.577 2
  -1 2154     -2.470      5.073      4.288 2
  -1   -2     17.156     -2.613     12.540 2
  -1   -2    -17.773    -11.393      4.756 2
  -1   -2    -23.220    -12.124      7.866 2
  -1   -2      1.952      0.791     18.537 2
  -1   -2     15.057     15.915     17.075 2
  -1   -2     -3.264      5.409     19.091 2
  -1   -2    -21.770     -4.805      5.417 2
1386 2098     18.339      1.864      8.128 2
  -1   -2      0.495     -8.127     17.939 2
  -1 1778      0.537    -14.025      8.909 2
  -1   -2      1.289     -9.281      5.461 2
  -1 2022      1.316     -9.319      5.500 2
  -1   -2    -20.940     -7.150      4.917 2
  -1   -2    -17.705    -13.314     14.800 2
  -1   -2     12.370     -3.687      5.070 2
  -1   -2     -4.194      2.750      1.859 2
1412 2194      9.651     10.291      8.251 2
  -1   -2    -19.209     -0.232      3.497 2
 131  231    -23.600      5.782      4.978 2
  -1 2160     15.033     10.296     19.362 2
1593 1987     -4.104     -6.781      2.741 2
  -1 1880     -5.445      6.016     18.356 2
  -1 2138     13.142     -4.761     11.765 2
  -1   -2     25.937      2.027      2.890 2
  -1   -2    -12.173     -9.852      9.052 2
  -1 1886     24.671     -2.468      4.654 2
 250   -2      5.145     -3.139     18.540 2
  -1   -2     -8.644     -8.728     10.527 2
1365   -2     19.599     14.772     13.259 2
  -1   -2      3.415     11.872     11.280 2
 248 1398     14.561      7.417      3.687 2
  -1   -2    -14.191    -15.054      8.773 2
  -1 1337    -14.198    -15.058      8.760 2
  -1   -2    -16.427     -0.644     -0.562 2
  -1   -2    -14.018     -7.174      1.391 2
  -1   -2      4.831     -0.347     19.114 2
  -1   -2     -4.699     14.778     15.642 2
  -1   -2    -15.046      2.379      7.028 2
 232   -2     22.649      0.382      3.136 2
 532   -2    -13.596    -12.439     12.280 2
  -1 2178      2.520     14.659     10.573 2
  -1 1826    -11.334      2.012     15.896 2
  -1 1362      5.400     -2.648     11.678 2
  -1   -2     24.216      2.801      3.758 2
  -1   -2      0.271     16.950     15.249 2
  -1 1838      0.281     16.951     15.283 2
  -1   -2     -5.444     -0.632      0.217 2
  -1   -2     -5.444     -0.632      0.217 2
  -1   -2      5.635     11.794      8.048 2
 144 1323     -4.553     -0.438     14.425 2
  -1   -2      8.212     17.187     12.184 2
 319   -2    -11.396     11.151      5.626 2
  -1 2193     -0.080     15.427     13.694 2
  -1   -2     10.625      2.794      2.375 2
  -1   -2     -4.780     17.688     15.108 2
  -1   -2      9.684     13.007      8.308 2
  -1 1430    -14.297     -0.618      9.341 2
  -1   -2     -7.912    -10.468      0.113 2
  -1 2159    -14.479    -12.621      5.249 2
 345   -2    -10.716    -11.376      0.678 2
1476 1915      3.595     11.424    -15.013 2
  -1   -2      0.276     11.289     17.677 2
1432 1878     -8.445      4.941      2.133 2
  -1   -2      4.131     15.604      9.651 2
2004   -2    -10.099    -13.764      9.476 2
  -1   -2     -0.929     14.759      4.335 2
 257   -2    -16.823    -11.772      4.138 2
1463 1903    -20.175      9.264      8.994 2
  -1   -2     18.808     12.441      1.387 2
 766 1621     17.581      4.888     -0.570 2
  -1   -2     13.976     16.939     16.902 2
  -1 1910    -10.552    -12.974      4.451 2
  -1   -2     -5.574      2.559     19.867 2
1457 1898     -0.918     -1.804      4.442 2
  -1   -2     16.669      1.433      3.775 2
  -1   -2     12.924      7.418      3.303 2
  -1   -2    -24.191     -2.476     -1.846 2
  -1 1892      0.888     13.685     16.478 2
 891   -2     -4.519     16.912     14.001 2
  -1   -2     -9.361     -4.407      1.868 2
  -1   -2     -6.834     16.841     16.024 2
 366   -2    -12.420      7.404     -1.065 2
  -1   -2     21.594     -7.872      7.300 2
  -1 1918     13.519      4.511      7.075 2
  -1   -2     13.366      4.443      6.736 2
  -1   -2     10.251      4.883      2.726 2
 288   -2      2.673     -2.628     17.488 2
  -1   -2     13.011     13.205      1.624 2
  -1  341     12.919     10.614      2.667 2
  -1 2191    -17.390     -0.501     -1.040 2
  -1   -2    -21.879     -9.259     10.534 2
 776 1627     -9.581     14.830      8.500 2
  -1   -2    -11.517     -6.030      1.588 2
 377   -2     -7.484     15.335      2.383 2
  -1  360     -9.656    -14.033      2.953 2
  -1   -2    -23.370     10.933      4.190 2
1514   -2    -15.367     11.138     -9.947 2
  -1   -2     13.041    -13.129     11.251 2
 412   -2     11.570    -10.984      8.918 2
 410   -2    -10.073    -14.031      6.455 2
1498 1925      9.510    -14.998     11.787 2
  -1   -2    -11.836    -14.313      4.113 2
1502 1927     -3.769     -3.084      6.797 2
  -1   -2      1.541     10.189     16.157 2
  -1   -2     -0.947    -16.118     12.879 2
 427   -2    -14.037    -10.346     16.771 2
  -1   -2     11.755     -9.098     11.568 2
1505 1930     14.835     12.294     12.701 2
  -1 2201     -6.728    -13.373      7.854 2
 437   -2      2.162     -5.541      8.729 2
 438 1487      3.469    -12.348     15.236 2
  -1   -2     16.861    -12.786      5.911 2
1573   -2     -4.240      9.005      9.370 2
  -1   -2      3.205     -5.074     14.425 2
  -1 1958     -5.940    -13.286     10.920 2
 399   -2     -1.821      3.065     12.558 2
  -1   -2    -24.576     -4.222      3.151 2
  -1   -2     -9.003      9.105      2.938 2
 553 2287      5.445    -13.925     15.047 2
  -1   -2    -11.643      9.879     12.108 2
  -1   -2      2.559     -6.480     10.389 2
  -1   -2      3.180    -17.385     14.188 2
  -1 1528     -9.418     -8.633     12.558 2
 423 1476     -8.803      9.789     16.654 2
 400 2008    -22.917      5.336      9.740 2
1924 2220      0.753    -15.712     16.853 2
  -1   -2     23.425      5.620      8.995 2
 425 1478     20.034      3.201    -16.479 2
 478 1514    -13.002     10.183      4.564 2
  -1   -2     -8.458    -14.171     15.114 2
  -1   -2    -12.407      5.777      8.354 2
  -1 2210     21.459     -7.561     12.902 2
  -1 1770     19.830      9.555      1.582 2
  -1   -2     -2.225    -15.835      8.952 2
 435 1997     21.234     -4.860     10.396 2
  -1   -2     25.793     12.584      5.715 2
  -1   -2     -5.951    -12.594      7.159 2
  -1   -2     -0.634    -14.513     12.628 2
 518 1979      8.868     -4.631    -11.735 2
  -1 2211      0.736    -13.058     10.106 2
  -1   -2     -6.279     11.411      8.232 2
  -1   -2     21.941     11.343      6.039 2
 484   -2    -13.524     11.032     16.900 2
  -1   -2    -16.903     13.381     15.942 2
  -1   -2      9.714    -15.116      7.017 2
  -1 2234      2.969    -16.856     14.396 2
  -1   -2     22.332      7.686     -7.878 2
 488   -2     26.735     -0.111      4.591 2
  -1   -2      7.193     -0.274      8.208 2
 459   -2    -17.698     -4.374     -0.349 2
 457 1499    -15.168      5.740      3.498 2
 612 1575     -8.598      6.997     -1.093 2
  -1   -2      4.745     -8.724      9.958 2
  -1   -2      9.486      6.170     17.721 2
  -1 2202    -15.768     15.128     18.976 2
  -1   -2    -12.978     12.558      8.653 2
 463 1504     -6.382    -11.886      4.440 2
 502 1523     -7.437    -10.030     13.763 2
 506 1525     -6.331    -10.860      4.487 2
1559 1965    -16.429      5.615     19.585 2
  -1   -2    -19.485     -3.083      3.068 2
 487   -2     17.351     -3.946     15.542 2
  -1   -2    -13.612     13.383     11.963 2
 538   -2      3.481     -2.422     13.958 2
  -1   -2     -4.927     -2.485      5.532 2
1588   -2     20.548      3.556     -2.301 2
  -1 2117     11.568     -7.208     15.484 2
 581 1564     -6.640     -8.316      8.555 2
  -1   -2     -9.749     11.375     14.437 2
 610 1574    -19.966      2.203     14.323 2
 486 1516     -4.733      9.306      9.735 2
1555   -2     13.928     10.755     16.838 2
 536 1542      3.046     -8.900     13.758 2
 419 1475     -7.676      6.535      6.630 2
 522   -2     19.276      1.735     13.045 2
  -1   -2    -17.936     10.929     13.446 2
1597   -2     20.068     -7.032     -0.128 2
  -1 2258     -3.922     10.205      8.355 2
  -1   -2     18.694     -5.003     16.635 2
  -1   -2     -5.925    -15.271     16.747 2
  -1   -2    -11.776      0.151     12.244 2
 109 1292      9.164    -11.473     16.287 2
 497 1521    -22.127     -9.269      4.862 2
  -1   -2    -19.928     -9.916    -12.785 2
  -1   -2     -5.139    -14.398      9.058 2
  -1   -2      8.159     -5.626     11.716 2
  -1   -2    -17.684      1.052     10.445 2
  -1   -2     21.599      8.466     16.694 2
1633   -2      5.167      2.305      2.290 2
  -1 2235     26.617     -1.784      3.494 2
  -1   -2     18.831     -1.579     19.870 2
  -1   -2    -14.834     -5.126     18.939 2
 496   -2     16.750    -10.865      6.720 2
  -1   -2     16.854     17.602     15.861 2
  -1   -2     11.253     -6.759      4.852 2
  -1   -2    -19.913    -11.901     13.233 2
  -1  523      4.385     -2.703      5.813 2
1832   -2     -3.249      8.002      7.354 2
 613   -2     -2.649    -15.265     17.833 2
 550   -2     20.301      7.385     -6.078 2
 661 2001    -22.026     -7.654      8.421 2
  -1   -2      3.530      6.453      9.661 2
  -1   -2     12.177     -7.407      6.533 2
 602 1572     12.736     16.882     13.655 2
1571   -2    -23.509     12.804      7.980 2
 616 1577     -5.870     13.161      8.572 2
 589 1566    -16.304     11.792     -6.927 2
  -1 1993      8.276     17.521      9.792 2
  -1   -2     -2.617    -12.297     13.865 2
  -1   -2     -7.564     -9.629      6.830 2
 505   -2    -10.941     -7.898     11.436 2
1987   -2    -24.202    -13.566      4.777 2
  -1 2241      8.837    -11.640      7.884 2
  -1   -2     24.265      5.296      9.981 2
  -1   -2     -3.703     12.720      5.438 2
1641 2016    -15.799     -9.843     14.724 2
 461 1502    -17.063      8.602     12.921 2
1585 1983    -16.377    -10.556      8.883 2
  -1   -2     18.906     11.333      1.595 2
 245 1857     18.969     11.345      1.685 2
2009 2273     13.410    -10.014     19.137 2
 734   -2     15.136    -10.524     -3.047 2
  72   -2     -0.242    -13.403     -3.630 2
1624 2288    -16.037     -8.725     16.960 2
1662   -2     20.271     16.957      7.953 2
 558 1555      4.370    -13.912     17.308 2
 578   -2     -0.842     -2.513      9.372 2
 691 1978     12.085    -14.254      2.365 2
 326   -2      5.137      1.685     -2.126 2
  -1   -2      0.418      5.312      6.369 2
 202   -2     18.445     13.902      9.650 2
 647   -2     12.899     -9.670      4.203 2
 638   -2     17.343    -14.538     17.005 2
1548 1957    -17.898     -8.878     -3.884 2
 763   -2     23.899     17.850      2.540 2
 608 1573     -9.709     10.034     14.613 2
  -1   -2    -19.406     -6.411     -3.738 2
  -1   -2    -22.669     -9.556     -8.154 2
 690   -2     -8.802     18.803      8.229 2
 847   -2     20.797     -7.262     17.096 2
 731   -2      8.428    -11.415      8.325 2
 573  540      6.183      8.251     13.571 2
 689   -2     -6.381     16.204      5.839 2
  -1 2014     22.419     16.914     14.152 2
  -1   -2      3.784      4.738      2.565 2
 671 1592     18.266     12.168     16.312 2
  -1   -2    -25.191      0.199      1.098 2
  -1   -2      9.025     18.474     16.671 2
 621 1579     12.216     -0.719     13.223 2
  -1   -2     -2.770    -12.202      4.097 2
  -1   -2     12.053     13.482     10.993 2
 657  811    -16.646     14.998     18.571 2
 683 1596     17.139     -7.540     17.069 2
1655 2025    -18.981    -10.003    -19.792 2
  -1   -2     14.896     -4.692      2.431 2
 773 2261     13.686    -15.920     18.861 2
  -1   -2      9.668    -13.442      3.029 2
  -1   -2     -5.054     15.180     11.841 2
1572   -2      7.347    -11.328      5.421 2
  -1   -2     12.651      4.853      7.044 2
  -1   -2     23.705     15.180     10.628 2
1678   -2    -11.483      0.528     13.559 2
1651 2023    -19.307    -12.565     -2.865 2
1659   -2      6.004      5.159     -0.620 2
  -1   -2     13.747    -16.097      8.516 2
 271 1412    -10.792     -7.576      5.719 2
1670   -2    -17.610      9.595     -0.300 2
1680 2031    -18.049      8.814      2.630 2
  -1   -2      5.690    -14.492      7.119 2
 931 1659     -3.727     -1.916     -0.721 2
 916   -2     -2.938     -0.304     -6.118 2
 686   -2    -17.987     18.126      9.169 2
 896 2032     -7.102      0.987     -0.639 2
1673   -2     18.467     -5.454    -11.475 2
 974   -2     16.075     16.343     -7.961 2
 392 1461     -6.880     -6.430      2.188 2
1684 2033     11.007    -16.076     13.504 2
  -1   -2    -11.221     -2.128     -3.028 2
 840   -2     20.631      4.436     -5.099 2
  -1  970     -9.559      1.482      1.073 2
1683   -2     15.519     10.846     -1.011 2
 926   -2     -4.041      8.662     14.486 2
1688   -2     24.691    -12.465      3.171 2
1156 1670      3.563    -16.396     18.660 2
  -1   -2     23.555     -6.095     -1.932 2
  -1   -2     19.696    -14.069      8.341 2
1165   -2     21.721     -4.731     18.495 2
1689   -2     26.075    -11.390      3.163 2
1160   -2    -15.014    -10.623    -16.884 2
1182 2035     16.857    -12.954      0.515 2
1173 1675      2.705     19.273     17.955 2
1162 1671      6.175    -16.213     15.651 2
1692   -2      6.640     -7.731     12.285 2
  -1   -2    -20.819     -4.677      9.668 2
  -1   -2    -20.881     -4.609      9.460 2
1695 2038    -20.881     -4.609      9.460 2
1694   -2     16.217      9.499     15.358 2
1221   -2     14.572     15.865     13.148 2
1702 1684     20.669      7.265     15.713 2
  96 2042     12.660      8.048     10.713 2
1230   -2     22.232     14.160      9.743 2
1704   -2     10.483     15.125     17.810 2
   2   -2     17.032     -7.806     14.542 2
  -1   -2     11.166     -3.306      9.507 2
  27   -2     11.123     -3.348      9.424 2
1697 2039     12.587     15.004     13.685 2
1708   -2     18.508     -4.288     15.721 2
  12   -2     15.660      9.050      9.510 2
  10   -2     18.308     -6.152     14.628 2
1714   -2    -13.279     -9.740      9.921 2
  28 2057     15.480     11.554     11.396 2
1229   -2     11.921      8.204     13.501 2
   7   -2      1.958     -1.528     17.290 2
1701 2043      9.444     -7.306     15.463 2
1209   -2    -18.781    -10.122     18.927 2
1710 2049     10.804    -14.676     17.827 2
1243   -2     21.239     10.254      5.930 2
   0   -2     22.061      9.414      6.034 2
1707   -2     17.467      7.440     10.084 2
1250   -2      0.078     13.887     19.020 2
  40 2073     17.377      9.506     19.521 2
1232   -2    -24.290     -5.509      4.091 2
1239 2040     11.755     -9.098     11.568 2
  -1   -2      3.205     -5.074     14.425 2
 428   -2      3.205     -5.074     14.425 2
1722 2058     23.624      2.087      4.644 2
 138   -2    -25.998     -0.196      1.206 2
1759 2089      8.817     -5.531     16.654 2
  24   -2      3.944     11.798     19.351 2
1238   -2      5.334    -15.313     10.487 2
1721 2289     17.482     -9.052     17.807 2
1226 2067     19.901      5.108     17.144 2
1236   -2     13.389     -9.386     10.155 2
  55 2068     11.849      6.344     19.441 2
1713   -2     21.603      8.776     11.429 2
1305   -2    -24.044      4.288      4.556 2
1938 2233    -17.673      1.030     10.455 2
1729   -2      8.211     13.205     12.583 2
  -1   -2    -16.505     -4.011      5.103 2
  68 1258    -16.532     -3.994      5.054 2
 162   -2      8.622     12.788     16.346 2
1777   -2      7.711     13.060     11.780 2
1241   -2     12.838     -8.560     16.943 2
1266   -2    -21.512     -3.237      2.389 2
1274 2075    -19.763     -7.518      6.757 2
  33   -2     18.955      6.747     11.226 2
1728   -2     19.818      9.516      1.451 2
1406 1856    -12.131     -9.852      9.020 2
 166 2165    -24.523     -2.571     -1.702 2
  -1   -2      6.746      0.579      6.199 2
1330   -2      6.897      0.596      6.376 2
1795 2116      9.403     12.973     18.814 2
1830 2144    -23.854     -2.911      3.480 2
 114 2063     10.204     11.810     11.404 2
1203 1376     -4.483    -12.760     -6.744 2
  31 2085    -25.992      3.916      0.782 2
1741 2074      9.837      5.754     13.116 2
  71   -2     11.288      6.693     11.315 2
1259 2090     11.010    -10.912     14.404 2
1733   -2    -21.872     -5.137      3.631 2
1282 1754     12.748     -4.296      7.634 2
1739   -2      8.327     -9.787     17.250 2
1782 2106      3.817     13.362     17.385 2
  -1   -2    -20.155     -8.648      9.905 2
1743   -2    -20.078     -8.684     10.056 2
1279 2128    -20.954      3.215      8.410 2
  77 2088     14.093      6.702      9.524 2
  92   -2    -23.799      3.730     -0.875 2
1991   -2     22.703     -6.311      7.135 2
  97 2093     12.490      7.027     13.827 2
1301   -2     11.568     -7.208     15.484 2
1786 2109     18.818      7.139     14.619 2
1268 2232      8.945      8.957     12.906 2
  37 1231      9.040      8.938     12.976 2
  -1   -2     -1.844      7.922     15.656 2
1781   -2     -1.826      7.907     15.652 2
1261   -2      9.835     -9.237     15.939 2
1764   -2    -18.758     -7.328      7.067 2
  83   -2    -23.435     -3.559     -0.137 2
1283 1755    -10.341      4.168     10.589 2
1767 2095      8.200     17.189     12.206 2
1745   -2    -18.097     -8.365      0.673 2
1779 2105     22.063     10.429      9.781 2
  98   -2      5.385      9.386     14.879 2
1753 2084    -24.082     -9.321      2.477 2
  -1   -2      4.543      1.409     15.192 2
1298 2100      7.875    -10.218     19.208 2
1775 2101     -7.017      2.954      5.948 2
 110 2104      3.307     11.191     12.407 2
  -1   -2      3.077      3.950     14.227 2
1341  907      3.098      3.931     14.252 2
  46 1238     21.941     11.343      6.039 2
1772   -2      1.609     11.194     11.809 2
1340 2129    -15.046      2.379      7.028 2
  -1   -2    -13.640      1.270      3.751 2
  -1   -2    -13.477      1.347      3.630 2
1331   -2    -13.477      1.347      3.630 2
 171   -2      6.511     -0.022     12.857 2
  -1 2157    -20.239     -9.569     10.766 2
 226   -2     12.874      4.725      7.575 2
  -1   -2    -20.902     -1.343      9.462 2
1336   -2    -20.902     -1.343      9.462 2
1826 2142     10.475     -9.106      7.029 2
1328 2107     22.627     -5.060      7.797 2
1382 2079     12.053     13.482     10.993 2
1802 2121     17.090      5.798      8.521 2
1852 2268    -17.008     -7.075      9.118 2
1792   -2      9.325     18.255     19.802 2
  -1   -2     10.479      1.808     10.158 2
  -1 2127      0.852      5.706     11.756 2
1769   -2     17.156     -2.613     12.540 2
1763  114      1.203      7.767     13.748 2
 115   -2    -23.219    -12.137      7.869 2
1806 2124     23.664     -0.008      7.934 2
1355 1818      1.952      0.791     18.537 2
1371   -2    -24.028     -7.239      5.284 2
1841   -2     -2.441      5.070      4.264 2
1389   -2      1.417      8.976     -9.241 2
1346 1813     -7.871      3.874      4.383 2
 206   -2      1.546     10.844      2.204 2
  -1   -2    -10.092     -0.788     15.080 2
1805   -2    -19.543    -10.601      5.789 2
  70 2152      9.571      6.004     15.974 2
 194 2134    -21.770     -4.805      5.417 2
1803   -2      3.968     -9.644     15.131 2
  91   -2     13.169     14.015     15.524 2
1813 2133      5.302     -8.997     15.598 2
1825 2141    -16.281     -3.965      1.607 2
1422   -2      2.456      0.606     15.219 2
1405 2153      0.406      6.799     18.239 2
  -1   -2     -5.541     -0.683      0.095 2
1352 1816     -5.444     -0.632      0.217 2
1864 2172      2.172     17.274     15.146 2
 117   -2     15.057     15.915     17.075 2
  36   -2     -0.816      8.152     12.345 2
1995 2269     -6.474      2.285     19.318 2
  -1   -2      0.205     17.002     15.003 2
 308   -2      0.271     16.950     15.249 2
1868   -2      5.935     15.939     13.287 2
1862   -2     13.976     16.939     16.902 2
1395   -2    -15.754      5.854     19.057 2
  -1 2131      0.401     12.511     11.821 2
1419 2166     25.937      2.027      2.890 2
1409 2168    -17.754    -11.387      4.797 2
1399   -2     13.142     -4.761     11.765 2
1416   -2    -11.435     14.754     10.821 2
 118 2188    -11.966     -9.558     -1.112 2
 242   -2    -20.143    -10.818      9.793 2
  -1   -2      3.415     11.872     11.280 2
1870 2177      3.415     11.872     11.280 2
  -1   -2      0.599     10.422     12.225 2
 303   -2      4.648      5.158     -4.714 2
 223 2111    -22.371     -8.843      2.089 2
1762   -2     20.670     11.163      3.771 2
  -1  133    -14.091    -15.107      9.058 2
 159   -2    -14.191    -15.054      8.773 2
 149   -2    -14.473    -12.611      5.256 2
  -1   -2     -0.083     15.424     13.679 2
1396   -2     -0.083     15.424     13.679 2
 170   -2    -16.427     -0.644     -0.562 2
1822 2139      3.530      6.453      9.661 2
1838   -2     24.216      2.801      3.758 2
1452 2270     -6.712     -7.000      6.731 2
1977 2263      9.684     13.007      8.308 2
  -1   -2    -14.609      4.675     15.444 2
1384 2158    -14.673      4.709     15.300 2
1860   -2      0.276     11.289     17.677 2
 187   -2     15.033     10.296     19.362 2
1874   -2      2.520     14.659     10.573 2
1367   -2    -11.334      2.012     15.896 2
1866   -2     -9.003      9.105      2.938 2
1430   -2      4.131     15.604      9.651 2
1835   -2    -19.406     -6.411     -3.738 2
1421 2262     -4.790     17.683     15.075 2
1398 2182    -14.018     -7.174      1.391 2
1887 2190     23.268      5.326      0.974 2
   4   -2     -7.042    -14.882      6.609 2
1425 1874     19.361      6.442     -0.853 2
1619 2290      0.495     -8.127     17.939 2
1449   -2     10.727      2.837      2.524 2
 209   -2     24.654     -2.465      4.610 2
1541 2196    -16.886      3.429      8.238 2
1789 2113     12.876     10.594      2.642 2
1876 2181     22.794      5.064      3.283 2
1456 2173     -9.361     -4.407      1.868 2
  -1   -2     -4.699     14.778     15.642 2
1879 2184     -4.699     14.778     15.642 2
1479   -2     21.578     -7.866      7.262 2
  -1   -2     -9.559      1.482      1.073 2
1886   -2     -9.530      1.488      1.019 2
1473   -2     16.669      1.433      3.775 2
1467 1907    -12.665      7.221      5.349 2
1464   -2     26.436     -1.316     -0.214 2
1444 1888    -10.298    -12.199     10.823 2
 135 1900    -24.191     -2.476     -1.846 2
1471   -2    -10.552    -12.974      4.451 2
1474 2183    -20.663      7.120      4.196 2
1899   -2    -11.517     -6.030      1.588 2
1901 2199    -20.733      8.895      5.827 2
1636 2197     -6.854     16.837     15.969 2
1447 1889      5.434     -4.712     -1.789 2
1895   -2    -14.747      9.179     -1.033 2
  -1   -2     12.924      7.418      3.303 2
1892 2195     12.924      7.418      3.303 2
1881 2186     12.963     13.208      1.503 2
1496 1923     15.642      6.587      6.838 2
1902   -2     13.041    -13.129     11.251 2
 551   -2      9.714    -15.116      7.017 2
1556 2204     16.861    -12.786      5.911 2
 416   -2     -5.940    -13.286     10.920 2
1757   -2    -14.178    -11.690     11.900 2
1903   -2     -6.728    -13.373      7.854 2
1908   -2     -0.947    -16.118     12.879 2
  -1   -2      9.066    -11.555     16.009 2
1329 2207     -9.749     11.375     14.437 2
1537   -2      4.767     -8.739     10.001 2
1923  731    -22.669     -9.556     -8.154 2
 415   -2    -24.604     -4.196      3.152 2
1500   -2     20.670    -11.592    -12.655 2
 440 2212     -8.458    -14.171     15.114 2
1553   -2     -9.028    -15.842     11.188 2
 458   -2    -15.768     15.128     18.976 2
 462   -2      0.736    -13.058     10.106 2
  -1  418      2.525     -6.525     10.293 2
 510   -2     -9.418     -8.633     12.558 2
1507   -2    -19.485     -3.083      3.068 2
1543   -2    -12.978     12.558      8.653 2
 448 2217    -16.903     13.381     15.942 2
1913   -2     21.459     -7.561     12.902 2
1532 2214     -0.634    -14.513     12.628 2
1906   -2     -5.951    -12.594      7.159 2
1531 2224    -11.643      9.879     12.108 2
 545 1546      1.541     10.189     16.157 2
 405   -2    -17.936     10.929     13.446 2
1962   -2     23.705     15.180     10.628 2
1601 2246      5.690    -14.492      7.119 2
 472 1511     -0.371     -6.769     14.871 2
1538 2242     -2.617    -12.297     13.865 2
 644   -2     20.197      7.170     13.826 2
1933 2227     23.555     -6.095     -1.932 2
 403 1942     16.256      1.963     -5.622 2
 424   -2    -16.445     11.633     13.587 2
1928 2222     23.425      5.620      8.995 2
1545 1955     -6.279     11.411      8.232 2
 517 2243      3.180    -17.385     14.188 2
 442   -2     -5.139    -14.398      9.058 2
1563   -2      9.463      6.166     17.692 2
1562 1968     -3.703     12.720      5.438 2
1936   -2    -14.043      6.165     10.671 2
  -1   -2     11.253     -6.759      4.852 2
1882 2187     -9.659     11.024      3.473 2
 401 2225     13.890    -14.290     10.246 2
1560 2216     -4.927     -2.485      5.532 2
  -1   -2     -8.931     11.592      8.857 2
 444 2206     25.793     12.584      5.715 2
1964 2254     18.694     -5.003     16.635 2
1945   -2      8.837    -11.640      7.884 2
1547 1956      8.943     -3.148     10.357 2
1567 1972     -5.925    -15.271     16.747 2
1911 2208     -2.225    -15.835      8.952 2
 514 2257     18.831     -1.579     19.870 2
1264 2223     -9.226      9.250     11.580 2
1511 1933    -12.407      5.777      8.354 2
1956 2250    -18.180      4.146      1.600 2
1949   -2      7.193     -0.274      8.208 2
  -1 2237     -0.113    -13.017      8.821 2
1623   -2    -14.657      0.195     16.479 2
1939   -2      2.969    -16.856     14.396 2
1927   -2    -11.776      0.151     12.244 2
1954   -2     21.599      8.466     16.694 2
 482 1977      8.159     -5.626     11.716 2
1940   -2     26.617     -1.784      3.494 2
1337 2230    -11.924     -2.953      6.615 2
 449   -2     -6.248     -7.612     15.798 2
1934 2229    -16.274      1.493     17.833 2
1856 2167    -20.067     -3.767     -4.321 2
1972   -2      5.252     -8.947      6.284 2
1618 2002      6.058     -1.265      7.323 2
1942 2238      0.498     -2.960      1.668 2
1609   -2     13.150     14.161     14.337 2
 584 2245     12.177     -7.407      6.533 2
1960   -2    -19.913    -11.901     13.233 2
 504 1524     -5.853      1.743      6.097 2
1794 2115     -7.564     -9.629      6.830 2
1237 1712     13.015     11.321     19.571 2
1969   -2     -3.922     10.205      8.355 2
 519 2018      9.668    -13.442      3.029 2
1647   -2    -17.397     -0.501     -1.061 2
1971   -2     22.332      7.686     -7.878 2
1850   -2    -19.209     -0.232      3.497 2
1966   -2    -25.981      0.698     -0.891 2
1594   -2     24.265      5.296      9.981 2
 434 1985    -14.834     -5.126     18.939 2
  -1 2180    -20.261    -10.283      1.637 2
1640 2252     16.854     17.602     15.861 2
1921 2218     -6.024    -14.532     14.750 2
1638   -2     22.419     16.914     14.152 2
1600   -2      8.276     17.521      9.792 2
1982   -2      3.784      4.738      2.565 2
1979   -2     -7.957    -10.450      0.095 2
1622 2005     -2.770    -12.202      4.097 2
  -1 1831    -20.956     -7.146      4.874 2
 150   -2    -20.962     -7.136      4.896 2
  -1   -2     20.722     12.719     11.388 2
  -1   -2     -9.527     -5.066    -15.335 2
 334   -2     -9.471     -5.160    -15.515 2
 234   -2      1.289     -9.281      5.461 2
1650 2291      1.316     -9.319      5.500 2
1671   -2     -5.054     15.180     11.841 2
 677 2292     23.909     -9.841    -10.383 2
1646   -2    -13.612     13.383     11.963 2
1478 1916     18.808     12.441      1.387 2
 944 1661     13.767    -16.056      8.597 2
1458 1899     -4.194      2.750      1.859 2
1482   -2     13.490      4.529      7.045 2
1634 2011    -19.928     -9.916    -12.785 2
1483   -2      0.556     11.794     18.408 2
  -1   -2      5.532     11.773      7.871 2
1485 1920      5.635     11.794      8.048 2
1978 2264      8.987     18.494     16.590 2
1690 2034     19.696    -14.069      8.341 2
 413   -2      2.559     -6.480     10.389 2
 611   -2      4.385     -2.703      5.813 2
 601   -2     11.253     -6.759      4.852 2
 129   -2      6.472      8.375     10.239 2
 183 2293     10.385     -0.542    -11.553 2
1664   -2     -9.655    -14.052      2.963 2
 398 2294    -11.836    -14.313      4.113 2
 761   -2    -25.191      0.199      1.098 2
1429 2295    -17.480      8.261     13.947 2
1580 2296    -13.846     -6.399    -16.085 2
1654 2297     12.651      4.853      7.044 2
1799   -2      4.464      1.461     15.035 2
1957 2298     18.670     13.964     16.435 2
2003 1439    -11.358     11.141      5.720 2
2008   -2     -8.355     -5.585     11.766 2
2013  312     15.534      4.487      2.108 2
2015 2299     11.874     18.174     13.108 2
