2016
  -1 1618     22.046      9.394      6.051 4
  -1   -2     17.464      7.415     10.134 4
  -1 1603     17.027     -7.819     14.540 4
  -1   -2     13.038     -3.251     12.322 4
  -1 1777     -7.067    -14.908      6.648 4
  -1   -2      9.403     -7.355     15.458 4
  -1   -2     16.212      9.479     15.351 4
  -1 1613      1.977     -1.543     17.320 4
  -1   -2     18.521     -4.283     15.721 4
  -1   -2     19.898      5.106     17.141 4
  -1 1609     18.299     -6.159     14.662 4
  -1   91    -16.219     -3.600      5.711 4
  -1 1608     15.659      9.042      9.489 4
  18   -2    -20.831     -4.641      9.504 4
  -1   -2    -18.058     -8.362      0.667 4
  -1   -2     12.789     -8.595     16.900 4
  11   19     12.017     -0.920      4.438 4
  -1   -2     13.047     11.284     19.557 4
  -1   -2     12.602     15.005     13.690 4
  -1   -2     21.591      8.768     11.406 4
  -1   -2      8.763     -5.591     16.615 4
  22   49     18.455     -8.036     11.661 4
  -1   -2     22.052     10.415      9.783 4
  -1   -2      6.709     -7.759     12.195 4
  -1 1629      3.965     11.779     19.324 4
  -1   -2     18.808      7.126     14.622 4
  -1   -2     10.510     15.114     17.802 4
1178 1605     11.185     -3.301      9.568 4
  -1 1611     15.497     11.536     11.390 4
  -1 1186     18.427      7.398     11.803 4
  38   15     13.679      9.790     20.090 4
  -1 1656    -25.952      3.927      0.771 4
  -1   -2      9.425     12.955     18.810 4
  -1 1646     18.946      6.728     11.218 4
  -1   -2     22.132     14.137      9.916 4
  53 1207      4.636     -6.339     10.207 4
  -1 1735     -0.809      8.149     12.377 4
1254 1674      9.011      8.942     12.886 4
  -1   -2     13.330     -9.424     10.101 4
  -1 1192     19.303     10.100     16.082 4
  -1 1621     17.382      9.498     19.520 4
  -1   -2      8.252     13.219     12.585 4
  -1   -2     14.587     15.865     13.163 4
  45 1201      3.649     -4.022     12.597 4
  77   27      6.782      2.736     12.925 4
  -1   -2      7.746     13.088     11.791 4
 468 1692     21.929     11.331      6.048 4
  -1   -2      9.786     -9.288     15.875 4
  -1   -2     23.417      5.601      8.979 4
  -1   -2    -19.691     -7.518      6.805 4
  -1   80     -0.862      8.453     13.190 4
  -1   -2    -19.471    -10.595      5.834 4
  -1   -2     23.611      2.073      4.632 4
  -1   -2     -0.327     15.302     18.281 4
  -1   -2      9.478      6.174     17.647 4
  -1 1634     11.859      6.337     19.439 4
  35   30      0.439     -8.213      8.937 4
  -1   -2     17.037      5.814      8.395 4
  -1   25    -16.017    -12.838      3.403 4
  -1   -2      4.516      1.435     15.072 4
  -1   -2      8.272     -9.846     17.199 4
 115 1256    -11.492     -5.147      4.967 4
  -1   -2      0.088     13.873     18.938 4
  -1   -2    -24.081      4.298      4.422 4
  -1   -2      3.978     -9.644     15.129 4
  -1   47     10.730    -14.727     17.695 4
  -1   -2    -14.594      4.722     15.341 4
  -1   -2    -19.942      0.001      5.082 4
1219 1640    -16.499     -4.019      5.053 4
  -1   -2     -7.394    -15.606     11.296 4
  -1 1723      9.577      5.994     15.972 4
  -1 1658     11.262      6.678     11.251 4
 655 1523     -0.233    -13.439     -3.522 4
  -1   -2     10.946    -10.952     14.331 4
  -1   -2     11.907     -5.483     -0.418 4
  -1   -2    -18.691     -7.326      7.123 4
  -1   84     -7.635     -2.053      1.907 4
  -1 1667     14.083      6.703      9.504 4
  -1   -2    -13.210     -9.732     10.013 4
  -1   -2      9.380     18.230     19.743 4
 172 1291     -5.205     -2.452      2.219 4
  -1   55      8.732     -1.432     15.016 4
  82   -2      7.820    -10.278     19.184 4
  -1 1679    -23.402     -3.549     -0.138 4
  89 1237      6.493     10.660     12.755 4
  -1   -2      5.293    -15.390     10.555 4
  -1   -2      3.839     13.338     17.366 4
  -1   73      0.824      5.689     11.709 4
 109 1252     13.208    -14.522     15.572 4
  -1  136    -16.974      7.043      6.579 4
  80   -2      8.923    -14.080     19.272 4
  -1 1726     13.195     14.005     15.531 4
  -1 1668    -23.770      3.719     -0.899 4
  -1   -2    -24.258     -5.495      4.096 4
  58   -2    -20.086     -8.632      9.875 4
  -1   -2    -21.810     -5.139      3.586 4
  -1 1600     12.641      8.033     10.674 4
  -1 1670     12.485      7.010     13.822 4
  -1 1684      5.415      9.364     14.843 4
  -1   -2     10.600      4.291      7.059 4
  73 1225     -0.750      2.580      9.659 4
  -1   -2     -7.560     -9.632      6.828 4
 123   98    -18.094     -2.205     15.771 4
  -1   -2      9.861      5.731     13.149 4
  -1   -2     22.680     -6.301      7.198 4
 116  154      2.464      0.537     15.229 4
 207   77    -17.563    -13.294     14.924 4
  -1   -2    -13.541      1.287      3.667 4
  -1   -2    -14.107    -11.698     11.997 4
 554 1482      9.104    -11.532     16.223 4
  -1 1689      3.330     11.172     12.378 4
 157 1281      4.809    -14.228     16.613 4
  -1   -2      5.391      1.410     18.231 4
  -1  137    -16.944     -7.099      9.175 4
  -1 1654     10.231     11.824     11.393 4
  -1 1713    -23.209    -12.113      7.793 4
  -1   -2    -16.344    -10.532      9.013 4
  -1 1734     15.091     15.941     17.086 4
  -1 1747    -11.890     -9.573     -1.095 4
  -1  135      0.387    -14.018      8.728 4
 171 1290      0.599     -0.954     18.577 4
  -1   -2    -16.910      3.422      8.154 4
  -1   87    -11.634      9.392     16.815 4
  -1  231    -19.334     -6.409     -3.665 4
  -1 1273     -2.251      3.413      4.133 4
  -1   -2    -10.364      4.150     10.506 4
  -1  187    -10.071     -0.833     14.919 4
 159 1283     -2.585     10.783      7.612 4
  -1   94     17.401     -9.001     17.491 4
 268 1925      6.432      8.397     10.174 4
  -1   -2     11.912      8.197     13.398 4
 216 1319    -23.570      5.786      4.931 4
  -1   -2     18.551     13.957     16.655 4
  -1   -2    -11.428     14.818     10.765 4
  -1   -2      5.975     15.944     13.292 4
1417 1795    -24.143     -2.475     -1.850 4
  -1  122    -17.676      6.297     -5.857 4
  -1 1264     18.958      3.100      5.465 4
  -1 1627    -25.952     -0.188      1.193 4
  -1   -2     11.128      1.156    -10.705 4
  -1   -2     -6.629      7.566     18.183 4
  -1   -2     22.555     -5.075      7.739 4
  -1   -2    -12.396      5.775      8.253 4
  -1   -2     -9.264     -5.064      1.272 4
 272 1350     -4.578     -0.415     14.371 4
  -1  243      0.364     12.495     11.791 4
 156  167     11.086      0.055      8.177 4
  -1   -2      1.749      7.093     12.352 4
  -1  157      8.613     -0.243      0.784 4
  -1 1757    -14.401    -12.611      5.296 4
1602 1903    -20.905     -7.140      4.916 4
 212  267     -4.052      2.799      1.874 4
  -1   -2      3.170    -10.226      9.654 4
  -1  127      1.212    -10.319      4.633 4
  -1   -2     21.232     10.241      5.922 4
  -1   -2     18.286      1.837      8.059 4
  -1  150    -22.107     -6.529     -0.460 4
  -1   -2    -20.964      3.225      8.305 4
  -1   -2    -19.186     -0.238      3.438 4
 247 1756    -14.136    -15.056      8.855 4
  -1   -2      0.604     10.383     12.192 4
  -1   -2      1.254      7.779     13.776 4
  -1 1641      8.636     12.761     16.352 4
  -1   -2      0.185     10.246     14.018 4
  -1  175     -1.477      6.118     16.122 4
  -1  148     -6.447      2.241     19.336 4
  -1 1649    -24.470     -2.550     -1.717 4
1300  140     10.541      1.840     10.258 4
  -1   -2    -16.239     -3.967      1.590 4
  -1   -2     10.496     -9.116      7.098 4
  -1 1760    -16.381     -0.656     -0.573 4
 147 1698      6.593      0.009     12.996 4
 298  235    -22.541     12.519      1.188 4
  -1   -2     20.654     11.161      3.789 4
  -1  116    -17.302    -13.270      7.106 4
  -1  218    -20.164     -9.588     10.869 4
  -1   -2    -18.726    -10.185     18.906 4
  -1   -2      1.415      9.073     -8.936 4
 179   -2    -10.734     -1.965      5.869 4
  -1   -2    -12.062     -9.850      9.093 4
  -1   -2    -18.252      1.986     19.529 4
  -1   -2     -4.062     -6.790      2.716 4
 155   -2     -7.296      6.808     18.019 4
 252 1926     10.449     -0.539    -11.564 4
 138  198      5.583     -0.128     11.550 4
 264  247      5.390     -2.711     11.678 4
  -1   -2      1.601     11.183     11.725 4
  -1 1768     15.046     10.287     19.351 4
 288  793      5.498      5.184     13.806 4
 201  153     -9.729     11.061      3.345 4
 278  182    -15.566      5.858     19.218 4
  -1   -2     24.162      2.787      3.709 4
  -1   -2     17.144     -2.612     12.564 4
  -1   -2    -21.476     -3.255      2.400 4
  -1 1724    -21.734     -4.797      5.408 4
  -1   -2     -2.404      4.115     -8.282 4
  -1   -2     13.099     -4.792     11.716 4
 186   -2     -2.460      5.026      4.262 4
  -1   -2    -10.403      7.631      6.803 4
  -1   -2      8.543      4.096      8.401 4
 190  241      1.964      0.721     18.611 4
  -1   -2    -18.170     -1.483      9.456 4
 691 1531     18.391     13.973      9.566 4
  -1   52     -8.414      4.942      2.267 4
  -1   -2      3.067      3.921     14.186 4
  -1   -2    -15.049      2.360      6.966 4
1316 1720      1.573     10.804      1.993 4
  -1   -2    -11.855     -2.948      6.665 4
  -1   -2      5.534     -4.708     -1.806 4
  -1 1781     24.596     -2.484      4.536 4
 162  179    -22.520      1.488     -2.411 4
  -1   -2      4.134     15.629      9.586 4
  -1   -2     -4.433    -12.775     -6.686 4
  -1   -2    -13.992     -7.169      1.341 4
  -1  113     -0.184    -12.983      8.743 4
 666   -2     -4.872     -4.111     19.908 4
  -1   -2    -17.669    -11.400      4.849 4
 164  209     -6.676      3.243     15.174 4
  -1   -2      6.839      0.609      6.303 4
 238  221     -8.606     -8.687     10.588 4
  -1   -2    -14.527     -0.892      9.582 4
  -1   -2     23.590     -0.045      7.857 4
 161   -2    -16.280     -3.530      8.233 4
  -1 1753    -22.337     -8.834      2.081 4
  -1   -2    -17.692     -4.188     -5.700 4
  -1   -2      9.697     10.337      8.282 4
1288 1700     12.967      4.749      7.713 4
 150  201    -10.794     -0.402     19.858 4
  -1   -2     21.181     13.919      7.547 4
 198  313     -5.571    -10.074     11.333 4
 193  263     -3.230      5.347     19.139 4
 340  242      0.853     13.670     16.413 4
  -1 1339     22.597      0.373      3.010 4
  -1   -2    -24.056     -9.314      2.472 4
 204 1907      1.306     -9.277      5.483 4
  -1  931      5.519      0.737    -10.763 4
  -1   -2     11.509     -7.250     15.426 4
  -1   -2     22.778      5.055      3.267 4
  -1   -2    -17.767    -11.791     14.635 4
  -1   -2     -4.822     17.713     14.920 4
  -1  152      5.514     11.065     -7.396 4
  -1   -2    -17.368     -0.510     -1.096 4
  -1 1748    -20.076    -10.816      9.849 4
  -1   -2    -18.289    -10.045     16.562 4
 248   -2     -6.471     10.509     17.931 4
  -1 1520     18.963     11.373      1.656 4
 846  188     -4.206      3.170     15.926 4
  -1  257    -13.923      0.002     -2.886 4
 245 1331     14.552      7.421      3.708 4
  -1   -2      0.957     12.726      7.709 4
 237 1327      5.156     -3.164     18.625 4
  -1   -2    -15.419     -3.486    -17.284 4
  -1   -2      0.199      7.574     -1.076 4
  -1   -2     12.956     10.664      2.746 4
1259  265    -15.096     -9.330     12.559 4
  -1   -2    -23.968      1.111     -5.703 4
  -1   -2      3.235     10.141     11.705 4
 311 1367    -16.789    -11.751      4.152 4
  -1   -2      3.417     11.887     11.194 4
 223   -2     -5.436      5.953     18.360 4
  -1   -2      2.166     17.265     15.080 4
  -1  233    -16.291      1.537     17.699 4
 144  261    -20.864     -1.374      9.479 4
  -1   -2     -0.106     15.426     13.565 4
  -1   -2     26.372     -1.338     -0.299 4
  -1   -2      9.974     -3.617     10.853 4
1022  142    -11.231     -2.161     -2.958 4
  -1   -2      9.706     13.067      8.245 4
  -1   -2     -8.016     -3.736      8.438 4
  -1   -2     -6.652     -6.988      6.806 4
  -1   -2      8.216     17.209     12.269 4
 889 1566    -10.721     -7.573      5.782 4
  -1  230    -13.147      1.899      1.516 4
  -1   -2     -7.858      3.861      4.289 4
  -1  286    -11.315      2.095     15.683 4
  -1   -2     -6.931      2.931      6.052 4
  -1   -2     12.866      7.430      3.232 4
  -1   -2     23.211      5.318      0.893 4
  -1   -2    -23.840     -2.970      3.425 4
  -1   -2      4.826     15.795     12.562 4
  -1  173    -17.916     -8.924     -4.171 4
 271   -2      5.615     11.829      7.961 4
  -1   -2      0.410      6.761     18.244 4
  -1  436     17.260      5.221      4.443 4
 327  227     -0.851     -1.788      4.544 4
  -1  335    -20.246    -10.226      1.493 4
  -1   -2     -7.846     12.226     -0.322 4
  -1   -2    -24.039     -7.196      5.204 4
 361 1387      2.648     -2.669     17.493 4
  -1   54    -16.416      7.267     11.295 4
  -1   -2     -6.132     15.636     18.956 4
  -1   -2     13.164     14.179     14.307 4
  -1  251      7.944     -2.633     18.656 4
  -1   -2     12.819     -1.168      7.367 4
  -1   -2    -25.139     -6.500     -1.520 4
 319  334      1.728     16.601      8.333 4
  -1   -2     -3.476     -0.122      1.511 4
 292  301    -14.272     -0.640      9.334 4
  -1   -2      2.511     14.670     10.500 4
  -1   -2     21.430      0.544    -13.408 4
  -1   -2     25.882      2.006      2.837 4
  -1  308    -19.731      1.261      3.359 4
  -1   -2     10.661      2.808      2.338 4
  -1 1752      4.783      5.120     -4.821 4
 308   -2    -10.056    -13.707      9.540 4
 251  300      4.839     -0.426     19.164 4
  -1   -2     -0.409     -1.415     -1.026 4
  -1   -2     -9.728    -13.735      1.853 4
 267 1738      0.252     16.960     15.129 4
  -1   -2    -21.705      8.927      6.688 4
  -1   -2     -8.706     -3.011     -1.578 4
  -1   -2     -1.144     11.376      8.134 4
  -1   -2    -16.070     -9.445     -0.772 4
  -1   -2     -9.564      1.455      0.987 4
  -1  193     20.720    -10.400      9.299 4
  -1   -2     21.521     -7.880      7.203 4
  -1   -2    -20.233      9.302      8.745 4
 322  303     -5.567      2.510     19.909 4
  -1   -2     -9.290     -4.410      1.911 4
 276 1352    -11.410     11.160      5.553 4
  -1   -2      0.241     11.301     17.649 4
  -1   -2    -20.577    -12.063      0.722 4
 274   -2      6.166     -7.220    -13.917 4
 356   -2     -0.158     -6.735     19.139 4
  -1   -2     -0.894     14.310     10.474 4
 299  317      3.555     11.497    -15.095 4
 684 1529      5.220      1.697     -2.054 4
 350   -2     13.545      4.561      7.067 4
  -1   -2      4.312     -7.170     17.441 4
  -1   -2    -12.609      7.182      5.485 4
  -1  352    -20.777      8.945      5.634 4
  -1   -2    -11.453    -10.782     -1.893 4
  -1   -2     16.621      1.411      3.697 4
 325  318    -21.827     13.118      4.593 4
1606 1906     -9.477     -5.098    -15.392 4
  -1   -2     -5.099     15.196     11.719 4
  -1   -2    -20.477      7.621     -0.081 4
 287  293    -19.141     -9.063     11.360 4
  -1   -2     -8.896      7.017      6.506 4
 269   -2     -5.420     -0.692      0.096 4
  -1  813     20.083     -5.474      6.494 4
  -1  339     -4.006     11.549     16.408 4
1427   -2     13.031     13.273      1.563 4
  -1   -2    -14.618      9.250     -0.710 4
 301  882     -3.330      5.508     10.165 4
 296 1360    -10.642    -11.390      0.740 4
 332   -2     -6.078     -4.780     10.763 4
  -1  189    -22.870      4.216     -5.097 4
  -1   -2     18.813     12.478      1.377 4
  -1   -2     -7.926    -10.437      0.024 4
  -1  319     10.260     -6.355     -5.987 4
  -1   -2     16.315     13.522      5.954 4
  -1   -2      2.385      2.834      0.335 4
  -1  359     -4.407     -0.143     -4.178 4
 385  825    -23.324     10.956      4.167 4
 347  568     13.223     -7.126     -8.035 4
 309  331     -0.950     14.797      4.200 4
 352   -2     -4.527    -13.487      1.279 4
1592   -2      3.885      5.513      0.214 4
  -1   -2    -20.646      7.129      4.126 4
  -1   -2    -19.648     -1.260     -9.925 4
  -1   -2    -10.816      0.519    -18.100 4
  -1   -2     -2.277     13.357      3.169 4
  -1   -2     -3.670     10.434     -3.792 4
  -1  369     -8.970      4.946     -3.201 4
 384   -2     -9.587    -14.043      3.030 4
 346 1382    -12.416      7.379     -1.143 4
  -1   -2     10.129     14.965      2.126 4
  -1   -2     20.323      4.741     10.471 4
  -1   -2     10.579     15.254      4.301 4
  -1   -2    -18.029     -1.230     -4.422 4
 371  941    -21.932     -9.293     10.423 4
1432   -2     -3.035     16.898      8.472 4
  -1   -2     -6.694      5.167     -2.766 4
 343  952     16.550     16.324     20.052 4
  -1  358     -4.057     16.775      5.868 4
  -1   -2      9.721     11.811      2.831 4
 378 1394     -7.428     15.368      2.415 4
1430   -2     -9.709     -1.406     -0.239 4
  -1   -2     15.473      3.815      1.729 4
  -1   -2    -25.521     11.103      3.456 4
  -1   -2    -11.466     -6.041      1.609 4
  -1  875     -9.782      0.612     11.472 4
  -1   -2     10.732      4.894     -0.097 4
  -1   -2      3.518      7.382    -19.399 4
  -1  377      6.195     -9.877     -2.889 4
  -1  343    -17.361      9.745      2.405 4
  -1   -2     20.206     -1.025     13.075 4
  -1   -2    -10.479      6.217     -0.681 4
  -1   -2    -22.051      2.679     -4.054 4
 381  347    -24.039     10.439      4.821 4
  -1  368     -8.996     -2.333     -0.193 4
1009 1576     -6.799     -6.423      2.270 4
  -1   -2    -18.631    -12.057     -1.475 4
  -1   -2     -6.435      8.160      2.176 4
  -1   -2    -18.930     -5.589    -18.009 4
  -1  610    -20.091      6.675      9.274 4
  -1   -2     13.021    -13.143     11.264 4
 396 1928    -11.870    -14.320      4.140 4
 424 1416     -1.837      3.071     12.615 4
  -1 1425    -22.876      5.364      9.703 4
  -1 1852     13.878    -14.309     10.260 4
  -1   -2     -5.386    -10.451     -6.494 4
  -1 1841     16.245      1.953     -5.619 4
  -1  582    -14.337     -2.945     -3.031 4
  -1 1834    -17.887     10.997     13.389 4
  -1   -2    -12.536    -13.823     12.328 4
  -1   -2     11.751     -9.122     11.578 4
  -1   -2      9.470    -15.039     11.809 4
  -1   -2     -1.016    -16.072     12.838 4
  -1 1400    -10.103    -14.002      6.498 4
  -1   -2    -19.239      0.107    -12.329 4
 392 1399     11.559    -11.021      8.932 4
1639 1922      2.582     -6.492     10.423 4
  -1   -2     -8.347     -0.698     12.365 4
  -1 1818    -24.567     -4.190      3.142 4
  -1 1810     -5.937    -13.269     10.945 4
  -1   -2     -0.672    -14.482     12.653 4
  -1   -2     10.085     -4.628     -3.742 4
 541 1474     -7.659      6.543      6.668 4
 398  499    -11.282     -0.893     12.765 4
  -1   -2      3.381     14.354     -3.724 4
  -1   -2     -4.213      8.990      9.177 4
 436 1424     -8.781      9.846     16.635 4
  -1 1842    -16.400     11.699     13.540 4
 441 1428     20.028      3.178    -16.411 4
  -1   -2      2.065      6.161     18.751 4
 404 1406    -14.058    -10.299     16.801 4
  -1 1625      3.218     -5.068     14.446 4
  -1  392     -0.253     -8.250      8.721 4
  -1   -2     16.564     -9.587    -11.063 4
  -1   -2      0.671    -15.715     16.736 4
  -1   -2     -6.782    -13.386      7.756 4
  -1   -2     16.951      4.515     -9.481 4
  -1 1893    -14.848     -5.067     19.013 4
  -1 1435     21.209     -4.876     10.398 4
  -1   -2     16.826    -12.803      5.924 4
 413 1410      2.173     -5.535      8.742 4
 414 1411      3.464    -12.354     15.258 4
  -1   -2      5.377      6.830     20.056 4
  -1 1820     -8.482    -14.154     15.139 4
  -1  393    -18.144     -1.785     11.035 4
  -1 1846     -5.155    -14.388      9.101 4
  -1   -2     -5.949    -12.584      7.173 4
  -1 1855     25.771     12.549      5.714 4
 484  445     -9.802     10.802     20.184 4
  -1   -2     12.944     -0.512    -12.327 4
  -1   -2    -24.055     -2.786      6.343 4
  -1 1828    -16.835     13.438     15.946 4
1539 1874     -6.222     -7.549     15.892 4
  -1  670    -13.538     11.623      2.605 4
  -1  419     -4.143     -8.776    -11.796 4
1644   -2      6.156     -5.764     19.380 4
  -1  440      2.228      9.243    -10.190 4
  -1   -2     -8.949      9.108      2.951 4
  -1   -2     21.451     -7.572     12.937 4
  -1  488     -0.509    -12.610     18.833 4
 486 1451    -15.125      5.778      3.564 4
  -1 1822    -15.702     15.202     18.958 4
 482 1450    -17.694     -4.336     -0.318 4
  -1   -2     12.598     -6.206     10.642 4
 644 1517    -17.018      8.646     12.830 4
  -1 1823      0.642    -13.058     10.038 4
 503 1457     -6.367    -11.874      4.447 4
  -1  562     24.204      9.858      0.796 4
  -1   -2      6.888    -14.287      4.528 4
  -1   -2     -4.804      7.587     11.934 4
  -1   -2     22.326      7.665     -7.838 4
  -1  605     20.053     -9.304    -15.264 4
  -1  394     24.768     17.492      8.391 4
  -1   -2     -5.956    -15.231     16.810 4
  -1   -2     18.664     -5.040     16.653 4
1490 1837     -0.334     -6.715     15.005 4
  -1   -2    -21.484     -7.818     -2.514 4
  -1  437      1.629    -15.948      8.961 4
  -1   -2      7.234     -0.297      8.257 4
  -1   -2     20.270      3.788     10.000 4
  -1   -2     -3.716     -3.054      6.815 4
 445 1429    -12.954     10.199      4.561 4
  -1  806    -20.479     13.815      2.639 4
  -1   -2    -13.839      0.635     14.453 4
  -1   -2      3.146     -2.046     -7.875 4
  -1 1871      8.179     -5.653     11.742 4
  -1   -2     -9.001     11.539      8.458 4
 472 1443    -13.486     11.078     16.898 4
  -1   -2    -17.345      9.054      5.941 4
 534 1471     -4.737      9.334      9.665 4
 518 1462     17.324     -3.966     15.573 4
  -1 1448     26.727     -0.126      4.600 4
 451  516    -11.888     -3.205     16.471 4
  -1   -2    -20.065     -2.573     -3.153 4
 707   -2    -14.281     -5.799     -6.993 4
  -1   -2      4.792     -8.769     10.027 4
  -1   -2     19.327     16.077     13.360 4
  -1   -2     10.512      7.006     18.299 4
  -1   -2    -13.605     13.486     12.094 4
 581 1493     16.734    -10.880      6.696 4
 555 1483    -22.160     -9.261      4.752 4
  -1   -2     14.860     12.271     12.663 4
  -1   -2      8.513      2.759      9.210 4
  -1   -2     -8.969     11.906     12.467 4
 137 1268     -7.182     -8.839     11.828 4
 504 1458     -7.433    -10.007     13.778 4
  -1   -2      2.748     -6.773     14.188 4
1554 1883     -5.867      1.706      5.979 4
 633 1511    -10.919     -7.882     11.444 4
 508 1459     -6.311    -10.856      4.496 4
  -1   -2     17.744    -12.028     -0.830 4
  -1  643     -4.358    -11.928      4.981 4
  -1  429    -11.390    -10.896      9.639 4
  -1 1825     -9.409     -8.578     12.537 4
  -1   -2     19.808      9.557      1.611 4
  -1  550      2.536     -6.542     -5.871 4
  -1   -2    -11.697      0.137     12.275 4
  -1 1861     18.821     -1.582     19.886 4
  -1   -2     12.675     -4.327      7.505 4
  -1  424    -17.126      8.116     14.595 4
  -1 1845      3.114    -17.397     14.160 4
  -1 1439      8.846     -4.694    -11.517 4
  -1 1887      9.633    -13.493      3.054 4
  -1   -2      2.910    -16.878     14.397 4
  -1   -2     -4.880     -2.484      5.548 4
 542 1475     19.354      1.750     13.281 4
  -1   -2     -9.140      7.193      1.663 4
  -1   -2     20.054     -7.038     -0.123 4
  -1  432    -20.921    -13.524      1.922 4
  -1   -2     -2.216      6.825     -8.243 4
  -1   -2     -5.038    -12.508      5.890 4
  -1   -2     -1.891     -7.075     16.733 4
  -1   -2     -2.262    -15.825      9.007 4
  -1   -2      5.247     -9.042     15.477 4
  -1   -2      7.285      2.196     15.540 4
 259 1340    -13.586    -12.425     12.299 4
  -1   -2      8.881     -3.181     10.237 4
  -1   -2    -17.556      9.615     -0.217 4
  -1   -2      4.638      4.455      3.497 4
 539 1473      3.104     -8.920     13.867 4
  -1   -2     12.386     -3.684      5.046 4
 521 1464      3.482     -2.425     13.926 4
  -1  426    -10.550     17.211     14.935 4
  -1   -2    -12.195      4.949     16.533 4
  -1  691     -3.015    -15.995     10.864 4
  -1   -2    -19.367     -8.657     -4.786 4
  -1  381    -15.734     -3.434      9.613 4
  -1   -2    -23.285      4.443     -3.379 4
  -1 1833      1.497     10.180     16.291 4
  -1   -2    -10.279    -12.204     10.847 4
  -1   -2     -6.256     11.424      8.206 4
  -1   -2    -12.919     12.622      8.615 4
  -1   -2     17.840      7.860      1.595 4
  -1 1500     20.306      7.373     -6.050 4
  -1 1808      9.688    -15.147      7.040 4
  -1  534    -14.052     11.444      9.794 4
  -1 1419      5.356    -14.018     14.873 4
  -1   -2      4.768    -15.562     11.263 4
  -1  587    -23.418     -4.703     -0.912 4
  -1   -2     11.745     -8.182     -5.866 4
 529  679    -18.622     -5.835     17.184 4
 664 1526      4.346    -13.938     17.302 4
  -1   -2     10.251     -0.690    -17.235 4
  -1  431      7.873    -13.407      4.883 4
  -1  144      2.386      7.640      5.203 4
  -1   -2     -5.931     -4.275     -0.263 4
  -1  524    -21.848      3.346     10.622 4
  -1  537     -3.807      8.374    -14.638 4
  -1   -2      2.837      1.395     12.771 4
  -1   -2      8.813    -11.690      7.940 4
  -1   -2     16.134      4.643    -17.424 4
  -1   -2      2.620     -8.193     14.440 4
  -1   -2      6.935      8.100     15.489 4
  -1   -2     -3.206      7.994      7.335 4
  -1   -2     -3.888     10.191      8.347 4
  -1   -2     -3.695     12.734      5.439 4
 737 1542      6.018      8.277     13.832 4
  -1   -2    -19.293      9.525     11.393 4
  -1  199     -0.403     -6.662     18.378 4
  -1   -2    -18.882      6.720    -16.035 4
  -1   -2    -18.051     -6.828     17.431 4
 670 1527     -0.793     -2.518      9.425 4
  -1   -2     20.518      3.554     -2.247 4
  -1   -2    -16.073      7.418     10.634 4
 530 1468     -6.605     -8.311      8.577 4
  -1   -2    -11.532     -6.420     14.647 4
  -1   -2      5.175     -8.995      6.090 4
  -1 1881     12.176     -7.426      6.560 4
  -1   -2      7.906     15.283     16.264 4
  -1   -2      5.161      2.313      2.362 4
  -1   -2    -13.467      4.673    -14.879 4
  -1   -2    -12.172     -6.335     18.836 4
 615 1507    -16.307     11.824     -7.004 4
  -1   -2     -0.174      0.195      2.474 4
  -1   -2      4.605     12.804     -1.998 4
  -1  540     -6.303     -0.903     14.452 4
  -1  577    -18.157      2.108     10.860 4
  -1  507     12.240     -8.239     15.758 4
  -1   -2     -7.665      1.180     -0.565 4
  -1   -2     20.670      7.246     15.805 4
  -1   -2      5.928     -8.162     14.382 4
  -1   -2    -18.147     15.014    -17.715 4
  -1   -2     20.283     16.969      7.830 4
 491  646     22.287     -4.265     -0.883 4
  -1 1924     11.266     -6.775      4.889 4
 608 1504     12.710     16.828     13.667 4
  -1  853    -13.571     -5.879     -9.575 4
  -1   -2      1.631     -8.288     10.571 4
  -1   -2     14.448      7.219     19.940 4
 487  753     22.131     -0.846     -7.324 4
  -1   -2     -6.173     10.572     10.926 4
 717 1536     -9.663     10.031     14.597 4
  -1   -2      1.461     13.913      4.351 4
 533 1470    -19.907      2.257     14.289 4
1641 1923      4.375     -2.736      5.746 4
 488 1452     -8.556      7.004     -1.083 4
  -1 1499     -2.669    -15.226     17.858 4
  -1  521    -17.948    -12.290     16.888 4
  -1  570     24.092     -0.203      1.359 4
 614 1506     -5.856     13.185      8.554 4
  -1  633      8.327      8.997      8.043 4
  -1   -2    -10.191    -16.595     19.878 4
  -1   -2     11.323     10.602     16.774 4
  -1   -2    -12.819     11.859     -6.190 4
 783 1549     12.153     -0.739     13.279 4
  -1   -2     21.590      8.464     16.686 4
  -1   -2    -11.654     -5.930      5.194 4
  -1   -2    -16.289      6.487    -14.511 4
  -1   -2      4.058     18.952     15.037 4
  -1   -2     -2.074     -7.905     -8.912 4
  -1   -2     -4.800      6.291     -4.336 4
 195   -2      3.091     -6.935     16.920 4
  -1   -2    -16.472      5.224     10.543 4
  -1   -2     -8.862      1.511     -3.067 4
  -1   -2     -0.837     -8.139      4.772 4
  -1   -2      4.439      2.925    -19.039 4
  -1   -2    -19.940     -9.839    -12.716 4
  -1   -2     -8.048      3.905      7.060 4
  -1   -2     10.025     18.310     16.786 4
  -1  623     -3.303     -4.931     16.793 4
  -1  523      3.005     11.595     13.903 4
 695 1533     17.260    -14.571     16.989 4
  -1   -2     24.258      5.278      9.988 4
 739  656     17.679      4.771     -4.235 4
 607  143     10.993      4.645      5.538 4
  -1   -2    -20.545      6.764     -7.224 4
  -1   -2     -2.672    -12.292     13.810 4
1494 1839     20.180      7.128     13.940 4
  -1   -2     12.605      4.811      7.096 4
 515  654    -16.840     -9.164    -15.689 4
 692 1532     12.957     -9.658      4.239 4
  -1   -2     -2.780    -12.193      4.116 4
  -1   -2      6.008     -1.284      7.186 4
  -1   -2     -4.229      9.518     11.225 4
  -1   -2     16.883     17.629     15.865 4
  -1   -2     -2.074      0.966     12.077 4
  -1   -2    -15.929    -12.338     -6.571 4
  -1   -2    -14.136     -3.476     -0.055 4
 663  526    -11.124     -5.728     19.354 4
1643  554    -15.396      1.682      7.866 4
 796 1552    -16.635     15.108     18.561 4
  -1   -2    -11.789      7.698      4.946 4
  -1   -2      5.704     -4.477     15.325 4
  -1   -2      4.694     -3.628    -10.152 4
  -1 1501    -22.011     -7.605      8.426 4
  -1   -2     18.359      5.619     -4.133 4
  -1   -2     13.964     10.710     16.880 4
  -1   -2      1.261     -9.182      4.032 4
  -1   -2    -11.636      9.886     12.187 4
  -1   -2      1.341    -10.781      9.974 4
  -1   -2    -19.609    -11.015     -0.736 4
 773  517    -16.909     13.016     15.573 4
 485  686      0.110     -6.881     -2.438 4
  -1   -2    -18.037      8.854      2.744 4
 762 1546     18.263     12.154     16.312 4
  -1   -2     20.629    -11.535    -12.662 4
  -1   -2    -24.700      1.355     -3.578 4
  -1   -2     -1.298    -10.037     15.933 4
  -1   -2      6.698     -1.458      6.086 4
  -1   -2      3.575      6.418      9.665 4
  -1 1910     23.895     -9.837    -10.348 4
  -1   -2    -10.827      9.296      7.220 4
  -1   -2      0.440      5.374      6.304 4
  -1   -2     -7.207     -1.655     10.668 4
  -1   -2      0.119     -7.986     17.182 4
  -1  560      0.026     10.196     -8.151 4
 807 1553     17.111     -7.570     17.083 4
  -1   -2     18.258      5.677     -9.715 4
  -1  675      8.272    -16.821     11.662 4
 956 1572    -17.964     18.161      9.142 4
  -1   -2    -14.558     -2.306    -13.034 4
  -1   -2    -17.321      4.764      3.604 4
  -1 1543     -6.370     16.254      5.840 4
 733 1539     -8.859     18.793      8.447 4
  -1 1528     12.052    -14.321      2.414 4
  -1   -2      5.506     -4.729     -6.427 4
  -1   -2    -18.042     -6.313      2.306 4
  -1  693     11.870     13.389     12.541 4
  -1   -2     14.571      5.128     11.061 4
 628  621      0.132    -14.371     20.171 4
  -1   -2     24.709     -0.294     -2.640 4
 668  746      9.925     -6.213      2.964 4
 800  755    -18.187    -15.143      4.731 4
  -1   -2      2.437     -1.455      6.910 4
  -1   -2     -4.377    -12.466      5.709 4
  -1   -2     -1.991      8.578     -2.946 4
  -1   -2     22.430     16.926     14.154 4
 650   -2     13.393    -10.066     19.186 4
  -1  156     -1.567      6.828      4.759 4
  -1  653     -5.097     -4.132    -10.714 4
  -1   -2     -3.453    -10.581     -6.291 4
  -1   -2      5.641    -14.547      7.151 4
  -1   -2    -11.187      4.051     -4.805 4
  -1   -2    -23.440     12.953      7.935 4
  -1   -2     -4.553      5.634    -11.757 4
  -1   -2    -19.496     -3.035      2.985 4
  -1   -2     -6.850     16.872     15.947 4
  -1   -2    -11.695      3.975      1.364 4
 797  695     20.850     -3.836    -12.357 4
  -1   -2    -12.674      3.391     13.158 4
  -1   -2     -3.267      0.845     11.696 4
  -1   -2    -11.457      0.571     13.526 4
  -1   -2     -7.242     15.027     15.391 4
  -1   -2    -22.857    -14.364      4.540 4
  -1  595    -13.450     -7.229     -2.172 4
  -1   -2     -4.965     10.042      3.179 4
  -1   -2     13.604      4.180     20.006 4
  -1   -2      2.600      9.164     -8.651 4
  -1   -2    -14.714      0.189     16.318 4
  -1   -2     -1.801      5.273     16.203 4
  -1   -2      9.044     18.484     16.649 4
  -1   -2      3.425     10.879     -4.850 4
  -1  641      8.840     -2.214    -15.049 4
  -1   -2     12.722     -2.547    -12.061 4
 735 1541      8.405    -11.454      8.364 4
  -1   -2     22.257     14.175     12.571 4
 729   -2    -17.041    -10.853     14.368 4
  -1 1522     15.084    -10.585     -3.043 4
1605  796     20.652     12.820     11.419 4
  -1  901    -10.781    -13.020     -7.199 4
  -1   -2    -16.700     15.774     15.284 4
 616  586    -14.975     -8.564     16.385 4
  -1   -2     -1.344     -3.954      1.852 4
  -1   -2    -23.520      1.278      0.207 4
  -1   -2      8.824      9.867     15.063 4
  -1   -2    -18.720      6.606      7.345 4
  -1   -2    -24.157    -13.584      4.707 4
  -1  839      1.201      0.642      3.578 4
  -1   -2      2.623    -16.053     19.995 4
  -1   -2     -7.031      7.612     -3.242 4
  -1   -2    -21.493     -4.630     -9.045 4
  -1   -2     19.753     12.342      7.153 4
  -1  772    -11.032      1.009     11.362 4
  -1  569     -4.242     10.307    -19.668 4
  -1  747    -25.011     -4.737      3.435 4
  -1   -2     22.707     -1.831    -11.204 4
  -1   -2     -8.222      3.757     -8.130 4
  -1   -2    -18.579    -16.454     -3.001 4
 703  637    -15.628     -8.766     16.626 4
  -1   -2     -7.786      5.015     16.613 4
  -1   -2     -7.417     -1.411     -6.763 4
  -1   -2     -1.903     -2.171      6.338 4
  -1   -2     -9.407     14.863      5.387 4
  -1  652      8.009     -5.111      9.485 4
 775 1929    -25.151      0.240      1.047 4
  -1  211     -7.222     -1.817      8.513 4
  -1 1535     23.901     17.861      2.493 4
  -1   -2    -16.324      3.296     -7.105 4
 931  876     11.630    -16.726      3.109 4
 317 1370     17.563      4.883     -0.560 4
  -1   -2     23.703     15.174     10.657 4
  -1   -2    -20.151     16.842     13.251 4
 880  923      2.262      6.981      2.403 4
  -1   -2     -8.281     -5.607     11.870 4
  -1  183    -23.290      6.083      3.711 4
  -1  719     12.968      4.263     18.696 4
  -1 1556     13.708    -15.938     18.989 4
  -1   -2     19.616      4.576     -1.832 4
 820  703      4.661     12.602    -11.213 4
 375 1392     -9.564     14.929      8.413 4
  -1   -2     -1.160    -11.839      2.596 4
  -1  655     14.698      4.752      5.848 4
  -1   -2    -12.264     -5.010     11.720 4
  -1   -2     14.367      2.221     -5.689 4
 686   -2     -1.306     -2.107     15.201 4
  -1   -2      6.006      5.122     -0.568 4
 727   -2      6.124     -5.233    -13.529 4
  -1   -2    -23.468      9.530      1.976 4
  -1   -2      8.756     17.185     11.352 4
  -1   -2     -8.091      9.952      8.868 4
  -1   -2      6.637    -17.186     11.223 4
1474   -2     13.864    -10.469     -0.487 4
  -1  275    -16.782      1.862     -4.960 4
  -1   -2     11.582     -9.947      5.322 4
  -1   -2    -20.651     14.891     12.889 4
  -1  858    -15.155      6.333    -12.005 4
  -1   -2      9.640    -10.974      3.605 4
  -1   -2     -9.754      2.811    -19.874 4
  -1   -2     -7.020     12.278     16.548 4
  -1  549      8.511      9.466      6.080 4
  -1   -2    -14.099      6.161     10.467 4
  -1   -2      9.199     -3.867    -15.744 4
  -1   -2     -3.864    -13.204     -5.528 4
  -1  929    -20.775     14.534      8.619 4
  -1   -2     -3.183     11.348     17.584 4
  -1   -2     -8.498     11.434     15.541 4
  -1  794    -17.107      9.228    -11.386 4
  -1   -2    -12.383    -16.009      5.454 4
  -1  688    -20.414      5.782     14.503 4
  -1   -2    -12.793     -8.605      7.004 4
  -1   -2      5.196     -1.300      5.693 4
  -1   -2     -9.773     -0.810     12.590 4
  -1  736     21.655     15.861     11.151 4
  -1   -2     -1.942     -4.159      1.228 4
 907   -2     11.569      8.842     -0.646 4
  -1   -2      0.351      7.749     17.856 4
  -1  497    -22.135      5.943     -0.713 4
 965  924     15.325    -13.814     12.927 4
  -1   -2     -4.670     14.790     15.602 4
  -1   -2     -7.003    -10.730     15.330 4
  -1   -2      2.518     -0.831    -14.950 4
  -1   -2      6.572    -13.779      1.817 4
  -1   -2    -16.848      3.886    -19.219 4
  -1   -2      3.403      5.846      9.296 4
  -1  299    -21.145      8.291      3.975 4
  -1   -2    -20.949     -8.260    -13.735 4
  -1   -2     -1.643     14.366     13.537 4
  -1   -2    -12.346     -9.394    -17.872 4
 742   -2    -20.258      0.221    -11.071 4
  -1  728     21.125      2.111     -3.507 4
  -1   -2     13.884     -2.226      0.801 4
  -1   -2     -8.336     16.262      4.647 4
  -1   -2    -17.244      8.565     14.848 4
 831  832    -25.053    -11.084      0.919 4
  -1   -2     17.887     16.116      6.259 4
  -1   -2     -6.074      8.249    -11.526 4
  -1  715     -0.271     -3.114      2.922 4
1642  958     10.421      2.791    -13.956 4
  -1   -2     18.369     -2.677     10.230 4
 881  985     -3.527      8.038      7.806 4
  -1  851      1.695     -0.193      2.511 4
  -1   -2     14.558     -1.376      8.052 4
  -1   -2     -1.671     -4.565    -18.794 4
1026 1579     20.609      4.454     -5.086 4
  -1  988     -0.139     -8.611      1.250 4
  -1  442      2.736     -2.190      8.559 4
 886   -2      8.853     -5.043     14.728 4
  -1   -2    -21.767     -3.020     -6.447 4
  -1   -2      1.918     -1.080    -16.650 4
  -1   -2     14.798     -4.737      2.241 4
 734 1540     20.836     -7.273     17.123 4
  -1  842    -18.802      1.241     -3.031 4
  -1   -2     11.485      2.045      4.040 4
  -1   -2      0.744     11.519      4.966 4
  -1  877     -0.464    -13.580      7.357 4
  -1   -2     10.808     19.155     10.234 4
  -1   -2    -19.540     12.115     -3.808 4
  -1   -2    -14.739     -6.078    -19.993 4
  -1   -2    -15.282     -4.332     12.140 4
  -1   -2      7.532    -11.977    -11.356 4
  -1   -2      0.184     17.300     20.181 4
  -1  770     -2.661     -9.703      8.502 4
  -1   -2     21.242      7.842     -1.859 4
  -1   -2     -2.884     10.661    -11.119 4
  -1   -2      2.239     -2.679     -7.620 4
  -1   -2    -19.812    -11.907     13.036 4
  -1   -2      0.728     -9.542     20.066 4
  -1   -2      3.108     -4.709      7.888 4
  -1   -2    -22.099     12.890      0.210 4
 370  371    -19.590     11.086      0.953 4
 294   -2     -6.071     -3.470     10.340 4
  -1   -2      0.624      1.687     14.115 4
  -1   -2      7.409     16.122     -0.222 4
  -1   -2    -12.786    -11.570     16.479 4
  -1   -2     11.647    -12.737      3.823 4
  -1   -2     19.708     12.854     17.863 4
 697  837    -13.258     -2.314     20.049 4
  -1   -2    -17.142      7.573      4.098 4
 911  932     11.620    -16.074      5.656 4
  -1   -2     13.954     -4.447    -13.363 4
  -1   -2    -15.618    -10.552     17.170 4
  -1   -2     -9.183      4.217    -13.045 4
  -1   -2    -10.021     -5.279    -12.413 4
  -1  664      2.850      8.734     -7.151 4
  -1   -2      0.166    -10.175    -17.456 4
  -1   -2     -2.594     15.737      2.651 4
  -1  701    -11.353    -14.884     14.024 4
1600  725     20.607     17.332     10.460 4
 828   -2     14.698      2.303     -7.536 4
  -1   -2      3.223      9.431     -3.469 4
  -1   -2      8.314     11.769     14.408 4
  -1   -2      7.320    -11.371      5.420 4
  -1   -2    -16.864     -8.625    -20.220 4
  -1   -2    -19.987     13.266      0.107 4
 341 1379     -4.452     16.963     14.046 4
  -1  999    -14.260    -11.026     12.592 4
1391  333     15.808     11.968      3.966 4
  -1   -2      3.152      9.870     12.711 4
  -1   -2    -19.291     -7.114      0.906 4
  -1 1573     -7.098      0.962     -0.763 4
  -1   -2     -4.939     10.270      5.672 4
 975  756     26.767      0.386     -7.286 4
  -1   -2     -3.304     -7.665      3.307 4
  -1   -2    -20.036      7.402     15.958 4
  -1   -2     24.717     16.236      2.189 4
 870   -2     21.163     -1.162      3.447 4
  -1   -2    -19.903     16.061      0.031 4
  -1   -2     12.093      1.869      0.403 4
 891  974     16.907     19.722      5.570 4
  -1   -2    -10.201    -14.737     14.688 4
  -1  683      2.710     -4.527     19.583 4
  -1   -2    -13.143    -13.562     13.184 4
  -1  151      6.516     -2.640     -9.711 4
 919  921    -22.899      8.733      2.258 4
  -1   -2     -1.718      6.999      9.647 4
  -1   -2    -24.943      7.255     -1.012 4
1025  912      6.293    -15.186      8.562 4
  -1   -2     23.468      9.826     -2.148 4
  -1   -2     -9.540     12.103      7.127 4
 942 1571     -2.916     -0.306     -6.093 4
  -1   -2     -3.850    -11.980     14.691 4
  -1   -2     -0.190     -9.442    -17.906 4
  -1  865    -10.217     -9.826     -8.943 4
  -1   -2      0.952     13.483    -16.351 4
  -1   -2     15.684     -6.278     -0.959 4
  -1   -2     -0.296     12.863     -5.061 4
  -1   -2      1.570      3.212     -2.902 4
  -1   -2    -20.033     -3.761     -4.331 4
  -1  576     -3.328     18.714     11.879 4
1069 1582     -4.046      8.678     14.475 4
  -1   -2     17.052     -1.805      3.834 4
  -1   -2      6.424     12.379      4.502 4
  -1  814      2.188      4.666      7.526 4
  -1   -2    -15.462    -14.231      8.025 4
 930 1570     -3.688     -1.934     -0.754 4
  -1   -2     12.096     13.489     10.957 4
 849  850     11.871     18.080     13.286 4
  -1   -2    -21.194     -1.221      1.746 4
 771   -2    -20.111     10.660     -3.370 4
  -1   -2    -11.939     -0.491     16.503 4
 876   -2    -24.179     -6.968     -6.278 4
  -1   -2    -19.456      0.493     16.918 4
  -1   -2    -25.371      5.096      2.163 4
  -1   -2    -14.076     -3.863    -16.076 4
  -1   -2     24.162     15.027     -4.028 4
  -1   -2     -2.887     -5.221      5.110 4
  -1   -2     14.061     16.922     16.919 4
1614 1913     13.722    -16.113      8.535 4
  -1   -2     16.282      1.594     17.973 4
1012   -2    -10.481    -14.384      5.125 4
  -1   -2     -1.723      1.418    -13.820 4
  -1   -2    -13.060      4.978     11.424 4
  -1   -2     -5.489     14.024     -0.035 4
 776  983      1.256     -5.839      9.513 4
  -1   -2    -20.166      6.459     16.273 4
 355  338     10.310      4.939      2.762 4
  -1   -2    -14.509      6.505    -14.262 4
  -1   -2    -14.819      1.413     15.737 4
  -1   -2      4.877    -13.852     -2.890 4
  -1   -2      1.519      2.630     -2.417 4
  -1   -2    -15.004      3.684     10.729 4
  -1   -2      9.528     15.512     17.038 4
  -1   -2    -15.696    -16.079     15.154 4
  -1   -2     13.455      9.536     17.330 4
  -1   -2    -16.553     14.123     19.207 4
  -1   -2     21.008     -4.153     -1.292 4
  -1   -2      0.470      1.624     -3.039 4
  -1   -2    -15.159     -6.917     20.121 4
  -1   -2      7.421      8.392      4.415 4
  -1   -2    -20.172      1.601      6.670 4
  -1  780    -11.517     16.532     11.297 4
  -1   -2     10.674     13.217     15.719 4
  -1  938     16.090      1.934      9.097 4
  -1   -2     -2.699    -12.351    -12.815 4
  -1   -2     19.167    -15.062      8.204 4
  -1   -2     14.995      0.937      0.901 4
  -1   -2    -11.679     11.811     17.826 4
 982 1575     16.093     16.322     -8.101 4
  -1   -2    -16.785     -7.129     -8.750 4
  -1   -2    -13.180     11.737    -14.467 4
  -1   -2     -0.512     11.785     -9.474 4
  -1   -2      5.233      0.988     -5.246 4
  -1   -2    -25.524     -2.847      2.944 4
  -1   -2     19.851      7.060     -6.277 4
  -1   -2    -24.559      1.568      2.282 4
1655   -2     23.871    -13.607      3.645 4
  -1   -2     19.752      9.238    -19.903 4
  -1   -2     19.152      6.575     -1.529 4
  -1   -2     -8.703     16.713      6.223 4
  -1   -2    -11.249     16.015     12.236 4
  -1   -2      6.113    -11.857     -6.722 4
  -1   -2    -14.813     13.272      8.792 4
  -1   -2     15.640     10.884     -0.676 4
  -1   -2      9.431     -0.697     12.493 4
  -1   -2     10.816      0.780     -5.620 4
  -1   -2    -11.751     14.436     12.203 4
  -1   -2      0.468     11.769     18.564 4
  -1   -2    -15.987     12.833      8.650 4
  -1   -2     -0.465     15.324     16.262 4
  -1   -2    -16.060     -3.839     -5.947 4
  -1   -2     22.360      8.622     -1.706 4
  -1   -2     23.380      5.532     -8.594 4
  -1   -2     20.070     10.531    -13.604 4
  -1   -2    -10.450    -12.991      4.609 4
  -1   -2    -24.577     -9.109      3.228 4
  -1   -2      7.738     13.012     -8.933 4
  -1   -2     24.763     18.696      1.568 4
  -1  760     17.650     10.179     -0.061 4
  -1   -2     19.634     14.755     13.241 4
  -1   -2     18.448     -5.463    -11.480 4
  -1   -2    -10.415     14.778     17.058 4
  -1   -2     -5.136     -2.457     15.739 4
  -1  280     16.168      4.033      5.282 4
  -1   -2     10.985     -2.986     15.021 4
  -1   -2    -11.617    -14.561      5.573 4
  -1   -2    -10.568     18.257     15.165 4
  -1   -2     10.226     -7.426      4.009 4
 949   -2     13.249      0.514    -15.999 4
1050  950    -22.718     16.128      1.197 4
  -1   -2     18.356     12.567    -15.275 4
  -1   -2     17.160     10.070      2.030 4
  -1   -2     17.797      1.718     -7.881 4
  -1   -2     13.776    -15.451      0.746 4
  -1   -2     23.941      2.145    -16.756 4
 854  954    -26.174     -5.051      1.434 4
  -1   -2     18.263     14.637    -14.095 4
  -1   -2    -20.704    -11.395      1.054 4
  -1   -2     23.250      0.071     -9.696 4
  -1   -2      7.477    -10.105    -17.539 4
  -1   -2      6.289     -1.509    -10.478 4
  -1   -2    -12.845      2.979    -19.882 4
  -1   -2     18.438     11.101     -0.562 4
  -1   -2      7.341      8.650     -1.032 4
  -1   -2     16.589      8.382     -3.477 4
  -1   -2    -20.066     -7.274     11.709 4
  -1   -2     -5.826     13.367     -9.340 4
  -1   -2    -16.546     15.994      8.420 4
  -1   -2     19.151     15.347     -5.945 4
  -1   -2     -6.843    -10.291      1.079 4
  -1   -2    -19.904     15.353     16.078 4
  -1   -2     15.094     14.810     15.069 4
  -1   -2      7.471     15.779      3.057 4
  -1   -2      6.784      7.122     -7.335 4
  -1   -2     -2.407      0.610     16.041 4
  -1   -2    -12.380     -1.860     11.345 4
  -1   -2      5.450    -11.880    -15.584 4
  -1   -2     17.890      2.453    -10.414 4
1463   -2      1.300      1.259      9.674 4
  -1   -2     -1.595     13.296      1.013 4
  -1   -2    -18.769     12.853     16.599 4
  -1   -2    -13.203     13.728     10.015 4
  -1   -2     -0.697     15.665      8.564 4
  -1   -2     10.341     11.488    -14.035 4
  -1   -2      2.769     -8.025     16.751 4
  -1   -2      0.431    -15.982     16.891 4
  -1   -2     20.292      4.766     13.603 4
  -1   -2     -3.697     12.490     14.062 4
  -1   -2     19.914      8.104     -1.009 4
  -1   -2     10.896    -10.335     13.493 4
  -1   -2     10.531      7.795     16.016 4
  -1   -2     19.105     -5.523    -13.586 4
  -1   -2      6.609      0.778    -14.072 4
  -1   -2     14.461     13.824      4.062 4
  -1   -2     16.724      1.506     13.220 4
  -1   -2     -8.732     -6.829     15.471 4
  -1   -2     23.156     -1.570     -1.025 4
  -1   -2      3.662     10.101      8.587 4
  -1   -2     -2.998      8.548     13.414 4
  -1   -2     -8.936      9.542      3.350 4
  -1   -2     10.142    -17.148     10.738 4
  -1   -2      7.555    -14.825      5.897 4
  -1   -2      1.524     -6.334      3.005 4
  -1   -2      6.572     -6.759     17.970 4
  -1   -2    -11.640     15.444      7.836 4
  -1   -2     11.249     11.469     19.183 4
  -1   -2     10.187      7.752     -7.339 4
  -1   -2     -0.021     -7.536    -10.675 4
  -1   -2    -25.995    -14.413      1.190 4
  -1   -2     -2.052     13.878      2.661 4
  -1   -2     -2.997      8.964      0.785 4
  -1   -2    -11.104     -3.259    -14.262 4
  -1   -2     13.509    -13.479     -6.871 4
  -1   -2     -5.675      0.804    -13.849 4
  -1   -2    -18.791     10.998     -7.454 4
  -1   -2     19.053     16.017      4.530 4
  -1   -2     -8.497      9.071     10.793 4
  -1   -2     15.600     13.118     -8.191 4
  -1   -2     -5.929     14.005      1.058 4
  -1   -2    -10.849     -5.202    -13.132 4
  -1   -2    -17.213     11.645     -5.806 4
  -1   -2     10.004      2.805     -3.075 4
  -1   -2    -18.327    -15.467     17.456 4
  -1   -2     11.955      1.559     14.525 4
  -1   -2    -10.983      1.087      3.918 4
  -1   -2     15.413     18.302     16.352 4
  -1   -2    -18.418     -9.053     18.039 4
  -1   -2    -24.880      2.338      2.855 4
  -1   -2    -20.857      1.854     -2.041 4
  -1   -2     13.641     -1.139     -1.044 4
  -1   -2    -12.633     11.625    -18.074 4
  -1   -2    -18.194     -8.736     -0.627 4
  -1   -2     17.477     10.245     17.589 4
  -1   -2     18.290      7.542      9.751 4
  -1   -2    -10.881     -2.910    -16.908 4
  -1   -2     25.915     -0.800     -2.075 4
  -1   -2    -23.069     13.342      7.690 4
  -1   -2     19.925     18.096     -0.612 4
  -1   -2    -16.523     -7.128    -13.773 4
  -1   -2      6.851      6.054     13.657 4
  -1   -2    -11.921     19.144      4.837 4
  -1   -2    -20.247     11.109      3.727 4
  -1   -2      6.620     11.378    -13.081 4
 943 1056      6.815    -12.108      2.000 4
  -1  718     22.374     10.640      1.689 4
  -1   -2     -1.260    -10.589     13.483 4
  -1   -2     16.788     11.983     14.512 4
  -1   -2    -19.765     14.376     12.698 4
  -1   -2     22.433     13.341     -9.059 4
1093   -2     11.647      9.493      3.508 4
  -1   -2     10.908    -14.852      0.007 4
 185  465    -23.652     -2.816      0.216 4
  -1   -2    -22.526    -10.083     -5.574 4
  -1   -2    -13.012     -1.650     11.249 4
  -1   -2     -9.593    -15.685      3.270 4
  -1   -2    -11.428      7.473    -19.658 4
  -1   -2     16.121     19.441      7.202 4
  -1   -2    -20.786     15.401     -0.278 4
  -1 1049    -19.145     16.958      9.446 4
  -1   -2      7.524     -6.062     -2.139 4
  -1   -2     -7.095     12.711    -11.483 4
  -1   -2     22.018      5.416    -12.520 4
  -1   -2     14.677      5.504     13.675 4
  -1   -2      7.751     15.620     18.656 4
  -1   -2      3.796     10.544      2.216 4
  -1   -2     -1.949     15.156      5.837 4
  -1   -2    -19.218     -4.244     18.490 4
  -1   -2    -20.724     -0.661     -9.131 4
  -1   -2     -0.372    -11.710     11.122 4
  -1   -2     10.593     -2.584     -6.813 4
  -1   -2     22.318     18.378      0.223 4
  -1   -2    -18.266     11.923     -3.087 4
  -1   -2     -7.334     -3.765    -14.141 4
  -1   -2    -19.969     -8.199     -6.276 4
  -1   -2    -14.037     -7.908     11.045 4
  -1   -2      1.457    -10.982     -3.999 4
  -1   -2      5.362      9.377      2.445 4
  -1   -2    -11.698     16.987    -10.368 4
  -1   -2    -13.903    -13.538      8.093 4
  -1   -2     -3.761     -5.211      6.701 4
  -1   -2      8.982      8.105    -10.914 4
  -1   -2     -3.008      6.284     -3.954 4
  -1   -2     24.659     -3.381     -2.310 4
  -1   -2     11.860     14.962     15.330 4
  -1   -2    -25.434     15.967      3.181 4
  -1   -2    -14.744     -0.220     14.558 4
  -1   -2     14.676      5.807     -8.229 4
  -1 1110     24.513    -11.403      8.817 4
  -1   -2     -9.334    -13.331     20.067 4
  -1   -2    -14.263    -17.662      5.831 4
1133 1584      3.532    -16.450     18.604 4
  -1   -2     22.987      5.741     12.130 4
  -1   -2      8.980    -17.141     18.291 4
  -1   -2     18.519    -16.359      4.347 4
1147 1589    -15.036    -10.623    -16.861 4
  -1   -2     24.653    -12.479      3.134 4
1164 1592      6.118    -16.237     15.701 4
  -1   -2     23.535     -6.100     -1.940 4
  -1   -2     10.803    -14.982     18.979 4
1139 1587     21.713     -4.734     18.522 4
  -1   -2    -18.341    -17.084     17.955 4
  -1   -2     -9.125    -17.944     19.436 4
  -1   -2     19.676    -14.089      8.313 4
  -1   -2     14.615    -19.184     15.607 4
  -1   -2     17.221     -8.171     14.539 4
  -1   -2     24.050    -11.027     -3.114 4
  -1   -2     26.022    -11.419      3.159 4
1158 1591      2.714     19.289     17.874 4
  -1   -2     18.389    -17.766     12.319 4
  -1 1117      4.997     -7.572     14.200 4
  -1   -2     -9.518    -11.857     18.427 4
  -1   -2     23.236    -14.164     10.193 4
  -1 1136     21.819     -5.879     12.225 4
  -1   -2     26.259    -11.646     13.292 4
  -1   -2    -18.289    -15.120     20.367 4
  -1   -2     -6.018    -14.570     14.955 4
  -1 1590     16.815    -12.977      0.500 4
  -1 1133    -16.075    -15.569     19.695 4
  -1   -2     15.134    -12.284     17.201 4
  -1   -2    -16.854    -19.571     17.344 4
  -1   -2    -24.574      8.465     -0.838 4
  -1 1140     21.154     19.071      9.429 4
  -1 1146    -32.765     -6.892     18.700 4
  -1 1152     -0.125    -12.196    -16.386 4
  -1   -2     17.227    -16.712     19.211 4
  -1 1156     28.771     -8.822     10.936 4
  -1 1157    -16.740    -17.629     13.222 4
  -1   -2    -26.468    -10.065      0.257 4
  -1   -2     25.729     -3.540     18.914 4
  -1   -2     18.945      2.565     16.767 4
  -1   -2     13.021    -11.483     10.618 4
  -1   -2    -18.273    -16.698     15.461 4
  -1   -2     -5.690     12.546    -15.791 4
  -1 1226     -7.433    -15.596     11.234 2
  -1   -2      6.660     -7.770     12.269 2
  -1   -2     20.670      7.246     15.805 2
  -1   -2     17.464      7.415     10.134 2
 105 1655     -4.391    -12.738     -6.673 2
  -1   -2     16.212      9.479     15.351 2
   6 1170     13.077     -3.234     12.372 2
  -1   -2     12.641      8.033     10.674 2
  70 1223     11.128      1.156    -10.705 2
1177   -2     17.074     -7.801     14.604 2
  81 1615    -18.759    -10.150     18.944 2
  -1   -2     12.602     15.005     13.690 2
  -1   -2     18.521     -4.283     15.721 2
  -1   -2      1.977     -1.543     17.320 2
  -1   -2      9.444     -7.334     15.500 2
  -1   -2      9.444     -7.334     15.500 2
  -1   -2     18.337     -6.140     14.711 2
  -1   -2     18.364     -6.127     14.787 2
  -1   -2      8.252     13.219     12.585 2
  -1   -2      8.801     -5.564     16.632 2
  -1   -2     22.046      9.394      6.051 2
  -1   -2     10.510     15.114     17.802 2
  -1 1598     14.587     15.865     13.163 2
  40 1197    -19.905      0.018      5.129 2
  -1   -2     11.859      6.337     19.439 2
  -1   -2     21.591      8.768     11.406 2
  -1   -2    -25.939     -0.205      1.214 2
  -1 1632     19.898      5.106     17.141 2
  34   -2     19.303     10.100     16.082 2
  -1   -2     18.427      7.398     11.803 2
  -1 1612     11.925      8.181     13.487 2
1175 1601     22.210     14.157      9.779 2
  -1   -2      3.980     11.777     19.376 2
  -1 1622    -24.258     -5.495      4.096 2
  -1   -2     18.808      7.126     14.622 2
  -1   -2     17.382      9.498     19.520 2
  -1   -2     13.385     -9.415     10.194 2
  -1 1633     13.382     -9.413     10.188 2
  44 1885     13.047     11.284     19.557 2
  -1 1630      5.274    -15.366     10.514 2
  -1 1623     11.753     -9.115     11.589 2
  -1   -2     12.837     -8.572     16.947 2
  -1 1643     12.846     -8.565     16.975 2
  -1   -2     15.659      9.042      9.489 2
  -1 1617     21.232     10.241      5.922 2
  -1   -2     -7.067    -14.908      6.648 2
  -1   -2      3.635     -3.985     12.576 2
  -1   -2     10.776    -14.711     17.764 2
  -1   -2     10.803    -14.701     17.837 2
  -1   -2     15.497     11.536     11.390 2
  -1   -2    -20.124     -8.634      9.892 2
  -1 1620      0.088     13.873     18.938 2
  -1   -2     22.725     -6.288      7.272 2
  -1   -2     22.757     -6.289      7.358 2
  -1   -2      9.425     12.955     18.810 2
  -1   -2     23.611      2.073      4.632 2
  -1   -2     14.083      6.703      9.504 2
  -1   -2    -23.803     -2.939      3.432 2
  -1   -2    -23.402     -3.549     -0.138 2
  72 1224      3.141    -10.255      9.685 2
  -1 1659     10.992    -10.927     14.413 2
  -1   -2     10.992    -10.927     14.413 2
  -1 1677      9.836     -9.269     15.941 2
  -1   -2     11.285      6.687     11.284 2
  -1   -2      3.839     13.338     17.366 2
  -1 1862     -9.201      9.271     11.571 2
  -1   -2      9.861      5.731     13.149 2
  -1 1644    -21.458     -3.231      2.377 2
  -1   -2    -25.952      3.927      0.771 2
  -1 1673      8.960      8.941     12.851 2
  -1   -2    -18.728     -7.315      7.061 2
  -1   -2     18.684     13.955     16.440 2
  -1   -2    -23.770      3.719     -0.899 2
  -1   -2    -24.524     -2.591     -1.799 2
  -1   -2     18.946      6.728     11.218 2
  -1 1645    -19.726     -7.506      6.750 2
  -1   -2    -18.058     -8.362      0.667 2
  -1 1245      8.769     -1.409     15.045 2
  -1 1231      8.977    -14.050     19.353 2
  -1   -2    -20.906      3.249      8.367 2
  -1 1666    -20.901      3.264      8.388 2
  93   -2     13.195     14.005     15.531 2
  -1   -2    -24.056     -9.314      2.472 2
1243 1661     12.739     -4.301      7.657 2
1263 1680    -10.309      4.176     10.549 2
  -1   -2      8.313     -9.815     17.252 2
  -1   -2     -7.537     -9.617      6.844 2
  -1   -2      9.380     18.230     19.743 2
  -1   -2     22.052     10.415      9.783 2
  -1   -2      4.001     -9.631     15.151 2
  -1   -2     17.434     -8.959     17.564 2
  -1   -2      1.759      7.155     12.413 2
  -1   -2      1.759      7.155     12.413 2
  -1   -2      5.434      9.372     14.871 2
  -1   -2    -21.810     -5.139      3.586 2
  -1   -2     10.231     11.824     11.393 2
  -1   -2    -23.209    -12.113      7.793 2
  -1   -2      7.746     13.088     11.791 2
  -1   -2      8.636     12.761     16.352 2
  -1 1687      7.855    -10.233     19.213 2
  -1   -2      7.855    -10.233     19.213 2
 139 1270    -17.352    -13.254      7.045 2
  -1 1671     11.563     -7.229     15.499 2
  -1   -2     19.808      9.557      1.611 2
1334   -2     -0.851      8.162     12.422 2
  -1  117    -24.031      4.324      4.458 2
  -1 1636    -23.981      4.319      4.564 2
  -1   -2     23.643     -0.021      7.926 2
 203   -2      0.438    -14.028      8.818 2
  -1   -2      8.233     17.214     12.223 2
  -1   -2     -6.972      2.947      5.921 2
  -1   -2     -6.988      2.958      5.896 2
  -1  138     -0.354     15.314     18.249 2
  -1   -2      5.975     15.944     13.292 2
1317   -2    -10.090     -0.802     14.964 2
  -1   -2      9.577      5.994     15.972 2
  -1   -2      0.400     12.502     11.852 2
  69   -2     11.909     -5.455     -0.325 2
  -1   -2      3.362     11.180     12.430 2
 170   -2     -1.433      6.124     16.210 2
  -1   -2    -17.655      1.076     10.410 2
  -1   -2     12.485      7.010     13.822 2
  -1   -2    -18.065     -2.149     15.730 2
  -1   -2    -16.226     -3.536      8.326 2
  -1  835      3.644      5.155      0.875 2
  -1   -2    -20.210     -9.590     10.856 2
  -1   -2    -20.207     -9.545     10.768 2
 181 1298     -2.019      1.005     12.179 2
  -1 1269      5.607     -0.080     11.569 2
  -1 1704     22.601     -5.061      7.803 2
  -1 1815     -9.702     11.402     14.411 2
1232 1651      6.913      0.611      6.354 2
  -1 1697    -13.444      1.332      3.619 2
  -1   -2    -13.444      1.332      3.619 2
  -1 1280     11.097      0.102      8.159 2
  -1  158      0.580     -0.907     18.477 2
 169   -2      1.381      6.679      2.189 2
  -1 1702    -20.853     -1.324      9.469 2
  -1 1873    -11.917     -2.975      6.557 2
  -1   -2      1.638     11.190     11.794 2
  -1   -2      1.626     11.208     11.783 2
  -1 1694    -15.000      2.382      7.014 2
  -1 1691      3.081      3.962     14.190 2
  -1   -2    -16.975     -7.092      9.111 2
  -1   -2    -16.900     -7.120      9.302 2
  -1   -2     20.654     11.161      3.789 2
  -1   -2    -16.381     -0.656     -0.573 2
  -1 1719     -7.806      3.880      4.354 2
1315   -2     -7.802      3.893      4.377 2
  -1   -2    -19.515    -10.580      5.781 2
  -1   -2    -19.538    -10.581      5.727 2
 163   -2    -18.094     -1.829     11.093 2
  -1   -2      6.632      0.060     13.060 2
1331 1732     -5.395     -0.664      0.180 2
  -1   -2    -21.734     -4.797      5.408 2
1349   -2     -6.054      2.821      6.980 2
  -1 1715      1.972      0.783     18.595 2
 213   -2      0.999     12.730      7.787 2
  -1   -2     22.778      5.055      3.267 2
1307  178    -10.257      7.692      7.013 2
  -1   -2     17.037      5.814      8.395 2
  -1   -2    -11.915     -9.565     -1.116 2
  -1   -2      3.853     -8.137     11.679 2
  -1   -2    -22.337     -8.834      2.081 2
1356   -2    -14.197    -15.052      8.761 2
  -1 1297    -10.727     -1.934      5.881 2
 242 1329     19.618     14.772     13.233 2
  -1   -2     -6.405      2.268     19.372 2
 262 1770    -11.312      2.058     15.807 2
  -1   -2     24.198      2.800      3.745 2
  -1   -2     -5.002     -4.101     19.806 2
  -1   -2      2.186     17.255     15.153 2
  -1 1716    -24.005     -7.233      5.245 2
  -1   -2     17.144     -2.612     12.564 2
  -1  106      0.261     10.232     14.081 2
  -1   -2      0.160     10.302     13.923 2
  -1   -2      8.625      4.106      8.432 2
 206   -2    -20.884     -7.158      4.877 2
  -1   -2     15.091     15.941     17.086 2
 122   -2      8.563     -0.267      0.819 2
 455   -2     -1.171     11.297      7.939 2
  -1   -2    -16.239     -3.967      1.590 2
  -1   -2      1.254      7.779     13.776 2
  -1 1705     12.082     13.478     11.016 2
 146   -2    -14.594      4.722     15.341 2
  -1 1766    -14.654      4.747     15.252 2
  -1   -2      0.290     16.950     15.267 2
  -1 1308     18.319      1.849      8.110 2
  -1   -2      0.849      5.722     11.738 2
  -1   -2      0.849      5.722     11.738 2
1312 1718      1.402      9.049     -9.153 2
 127   -2      5.391      1.410     18.231 2
  -1 1263      5.397      1.470     18.200 2
  -1   -2    -20.712      8.970      5.699 2
  -1   -2    -20.652      8.963      5.832 2
 130   -2     18.988      3.110      5.506 2
  -1 1741    -15.688      5.887     19.054 2
  -1 1759     -0.066     15.424     13.657 2
  -1   -2      3.522      7.295    -19.448 2
  -1 1775    -13.976     -7.173      1.391 2
  -1 1745     13.142     -4.776     11.775 2
  -1   -2    -20.120    -10.815      9.840 2
  -1   -2    -20.137    -10.784      9.732 2
  -1   -2     14.041     16.940     16.914 2
  -1   -2    -19.349     -6.405     -3.681 2
  -1   -2      0.438      6.790     18.241 2
  -1 1730      0.413      6.822     18.204 2
1230 1648    -12.106     -9.840      9.031 2
  -1   -2     18.910     11.359      1.605 2
  -1  169      0.645     10.394     12.257 2
  -1 1744    -17.713    -11.387      4.793 2
  -1   -2    -17.730    -11.390      4.753 2
 270   -2      9.974     -3.617     10.853 2
  -1 1317      9.674     10.344      8.237 2
 106   -2    -15.981    -12.852      3.354 2
  -1   -2     10.531     -9.108      7.167 2
  -1   -2     10.562     -9.094      7.261 2
  -1 1746    -11.392     14.813     10.821 2
 143   -2     -2.251      3.413      4.133 2
  -1   -2    -11.487     -5.178      4.942 2
  -1 1743     25.915      2.015      2.891 2
  -1   -2     -4.776     17.706     15.029 2
  -1 1774     -4.758     17.704     15.081 2
  -1 1729      2.470      0.590     15.214 2
  -1   -2     -6.446     10.500     18.034 2
 183  360     -0.851     14.314     10.555 2
1392 1778     19.310      6.426     -0.852 2
  -1   -2      4.846     15.789     12.619 2
 224   -2    -21.848      3.346     10.622 2
 199   -2    -11.650      9.383     16.907 2
 280 1930    -17.420      8.322     13.925 2
  -1 1772      4.173     15.623      9.681 2
  -1   -2    -25.139     -6.500     -1.520 2
 303 1363     -8.399      4.887      2.149 2
1340   -2     13.281    -14.516     15.712 2
  -1  222     -5.417      6.015     18.364 2
  -1   -2     16.248      4.022      5.277 2
1346   -2     16.261      4.039      5.386 2
  -1   -2     22.637      0.396      3.043 2
  -1   -2     15.046     10.287     19.351 2
  -1   -2    -14.396    -12.625      5.360 2
  -1   -2    -14.459    -12.606      5.227 2
  -1   -2     24.636     -2.475      4.612 2
  -1   -2     24.644     -2.471      4.634 2
  -1  168     10.649      4.282      7.144 2
1415 1794    -10.265    -12.182     10.868 2
 336   -2     12.335     -8.232     15.529 2
  -1   -2      1.461     13.913      4.351 2
1423 1801      5.476     -4.748     -1.805 2
 283   -2     10.628      2.776      2.324 2
1395 1780     10.736      2.838      2.521 2
  -1   -2      0.872     13.667     16.490 2
  -1   -2    -19.208     -0.244      3.363 2
  -1 1763     -6.679     -6.985      6.735 2
  -1   -2     -6.666     -6.953      6.741 2
  -1   -2    -21.835     13.181      4.473 2
  -1   -2      7.980     -2.611     18.692 2
  -1 1785     -9.313     -4.409      1.862 2
  -1 1374     -0.878     -1.812      4.455 2
1618 1914     -4.133      2.759      1.816 2
  -1   -2    -24.146     -2.455     -1.924 2
 305   -2     -3.902    -13.178     -5.508 2
  -1   -2    -11.521     -6.043      1.558 2
  -1   -2    -11.443     -6.039      1.661 2
 312 1368    -20.164      9.328      8.820 2
  -1 1793     26.416     -1.328     -0.223 2
  -1   -2     26.430     -1.327     -0.180 2
  -1   -2    -12.408      7.372     -1.042 2
  83 1792    -12.601      7.235      5.393 2
  -1   -2    -20.273    -10.211      1.481 2
  -1   -2      9.726     13.068      8.290 2
 359  959     -2.224     13.359      3.264 2
1418 1796    -10.518    -12.969      4.455 2
 611   -2      8.344      8.995      8.096 2
1408 1791     16.662      1.422      3.762 2
  -1 1797    -20.587      7.148      4.199 2
  -1   -2    -20.560      7.148      4.260 2
1413 1361      3.577     11.429    -15.067 2
  -1   -2    -10.468      6.213     -0.534 2
1613 1912     18.838     12.478      1.430 2
1404 1788     21.568     -7.869      7.289 2
  -1   -2     12.973     10.666      2.769 2
  -1   -2     12.989     10.667      2.805 2
1619 1915     13.464      4.540      7.011 2
1625 1917      0.547     11.821     18.477 2
  -1   -2     12.904      7.441      3.288 2
1628 1919      5.677     11.826      8.017 2
1433   -2     -6.667      5.172     -2.631 2
  -1   -2    -22.592    -10.075     -5.607 2
  -1   -2     -3.045     16.870      8.683 2
  -1   -2      3.751      4.711      2.652 2
 379   -2     -9.846    -13.740      1.663 2
  -1   -2    -25.465     11.110      3.542 2
 380   -2    -25.390     11.090      3.696 2
  -1   -2    -23.874     10.443      5.099 2
  -1   -2    -11.308     -2.152     -2.801 2
  -1   -2     13.021    -13.143     11.264 2
1438 1806     15.624      6.560      6.883 2
  -1   -2     13.878    -14.309     10.260 2
 395 1401      9.470    -15.039     11.809 2
1483   -2      1.497     10.180     16.291 2
1462 1819     20.618    -11.536    -12.628 2
 393   -2    -10.103    -14.002      6.498 2
 400 1403     -3.760     -3.052      6.868 2
  -1   -2    -17.038      6.971      6.365 2
  -1   -2    -16.886      7.070      6.715 2
 406 1408     14.860     12.271     12.663 2
  -1   -2     -1.016    -16.072     12.838 2
1473 1826    -19.496     -3.035      2.985 2
  -1   -2    -16.378     11.706     13.599 2
 411  585     12.944     -0.512    -12.327 2
1488   -2     -6.849      8.537      0.775 2
 448 1863    -12.336      5.799      8.319 2
 495   -2      0.032     10.152     -8.161 2
  -1   -2    -16.835     13.438     15.946 2
 389 1397    -15.307     11.205     -9.816 2
 397  487    -17.476     -4.759    -11.170 2
  -1   -2     -6.782    -13.386      7.756 2
  -1   -2     -5.949    -12.584      7.173 2
 456  651     20.270      3.788     10.000 2
1449   -2      2.593     -2.349     -6.442 2
  -1   -2     26.727     -0.126      4.600 2
  -1   -2      2.065      6.161     18.751 2
  -1   -2     25.771     12.549      5.714 2
  -1   -2    -24.543     -4.213      3.142 2
1497   -2     16.229      1.937     -5.669 2
  -1   -2      9.688    -15.147      7.040 2
  -1   -2     21.451     -7.572     12.937 2
  -1   -2      0.721    -15.689     16.845 2
  -1   -2    -12.536    -13.823     12.328 2
1445   -2     21.732     14.374      8.908 2
  -1   -2      3.114    -17.397     14.160 2
  -1 1832    -11.601      9.898     12.098 2
  -1 1830     -0.672    -14.482     12.653 2
  -1   -2      4.535      1.427     15.152 2
  -1   -2    -14.014      6.186     10.607 2
 543   -2    -17.887     10.997     13.389 2
  -1   -2     -5.155    -14.388      9.101 2
 494 1816      4.773     -8.755      9.991 2
  -1 1838     -2.630    -12.261     13.892 2
 429   -2      5.356    -14.018     14.873 2
  -1   -2     -7.324      6.818     18.042 2
  -1 1782    -16.858      3.442      8.217 2
  -1   -2      7.234     -0.297      8.257 2
  -1 1827    -12.919     12.622      8.615 2
 426   -2     -8.347     -0.698     12.365 2
 467 1844     -6.256     11.424      8.206 2
 469   -2    -13.611     -1.274     17.527 2
1517 1858      8.953     -3.162     10.382 2
 698 1534    -17.884     -8.799     -3.840 2
 422   -2     -5.937    -13.269     10.945 2
  -1   -2     -2.262    -15.825      9.007 2
1576   -2     19.327     16.077     13.360 2
  -1   -2    -15.702     15.202     18.958 2
1465 1821     -9.050    -15.825     11.207 2
  -1   -2      2.910    -16.878     14.397 2
 538 1472     13.942     10.741     16.844 2
  -1 1809     16.826    -12.803      5.924 2
  -1   -2     18.664     -5.040     16.653 2
 483   -2    -20.450      6.162     15.535 2
 510 1460    -16.359      5.679     19.543 2
  -1 1853     -4.880     -2.484      5.548 2
  -1   -2     23.417      5.601      8.979 2
 639 1848     -3.695     12.734      5.439 2
 496 1847      9.477      6.158     17.680 2
 588   -2     11.266     -6.775      4.889 2
 499   -2      3.415     -2.992      9.065 2
  -1   -2      8.813    -11.690      7.940 2
1518 1859     -5.956    -15.231     16.810 2
  -1   -2     22.326      7.665     -7.838 2
  -1   -2     -8.482    -14.154     15.139 2
  -1   -2    -18.148      4.194      1.649 2
 612 1505    -23.440     12.953      7.935 2
 838 1559      7.320    -11.371      5.420 2
1567 1413     -4.213      8.990      9.177 2
 564   -2      8.179     -5.653     11.742 2
 682   -2     12.052    -14.321      2.414 2
  -1   -2      4.058     18.952     15.037 2
 464   -2      8.864     -4.664    -11.647 2
  -1   -2      1.388    -10.762     10.077 2
 453   -2     -0.554    -12.586     18.739 2
1557 1931    -13.817     -6.385    -16.069 2
  -1   -2      6.483      8.390     10.237 2
  -1   -2     18.821     -1.582     19.886 2
  -1   -2     -3.888     10.191      8.347 2
  -1   -2    -11.726      0.164     12.228 2
 645 1518    -16.394    -10.517      8.930 2
  -1   -2      6.572    -13.779      1.817 2
 565   -2      4.768    -15.562     11.263 2
  -1 1466     20.518      3.554     -2.247 2
1582   -2    -14.848     -5.067     19.013 2
  -1   -2     26.600     -1.796      3.467 2
  -1   -2     -9.509     -5.028    -15.291 2
  -1   -2     -0.173    -12.956      8.816 2
 220 1321     -4.092     -6.787      2.654 2
  -1 1892     24.258      5.278      9.988 2
  -1   -2     21.590      8.464     16.686 2
 582  296     -6.705     -4.206      4.346 2
 544 1477     20.054     -7.038     -0.123 2
  -1   -2      3.260     10.170     11.759 2
  -1   -2     12.176     -7.426      6.560 2
1589 1898      8.286     17.560      9.816 2
  -1 1836      5.618    -14.541      7.102 2
  -1   -2    -20.033     -3.761     -4.331 2
 601   -2     20.306      7.373     -6.050 2
  -1   -2    -25.864      0.699     -0.808 2
 459   -2     21.209     -4.876     10.398 2
1544   -2     17.816    -11.974     -1.017 2
  -1   -2     15.084    -10.585     -3.043 2
 671   -2    -10.801    -13.072     -7.107 2
1550 1880     13.170     14.149     14.368 2
 589   -2    -22.827    -14.425      4.386 2
 618   -2      8.236    -16.875     11.516 2
  -1   -2     -9.703     -1.399     -0.079 2
 809   -2     14.798     -4.737      2.241 2
  -1   -2      3.575      6.418      9.665 2
  -1   -2    -24.157    -13.584      4.707 2
  -1   -2    -19.812    -11.907     13.036 2
 602   -2    -22.011     -7.605      8.426 2
1547 1878      6.083     -1.270      7.335 2
1394 1779      0.496     -8.115     18.002 2
 571   -2     14.376      7.248     19.774 2
  -1   -2      0.522     -2.964      1.721 2
1597 1901     -2.780    -12.193      4.116 2
  -1 1867    -14.628      0.214     16.448 2
 659 1524    -16.024     -8.679     16.980 2
1598   -2    -18.579    -16.454     -3.001 2
 273   -2    -11.155     16.345     12.096 2
 437   -2    -22.876      5.364      9.703 2
 781   -2      4.758     -0.650    -14.445 2
  -1   -2    -11.588     11.231      2.658 2
 740   -2     -6.370     16.254      5.840 2
  -1   -2     23.871     -9.811    -10.398 2
 540   -2     -0.002     10.667      5.451 2
 574 1489      5.161      2.313      2.362 2
1620 1916    -19.974     -9.857    -12.814 2
  -1   -2     -6.926     16.871     15.785 2
  -1 1800     -6.841     16.878     15.977 2
 536   -2    -22.338      4.491      9.806 2
  -1 1897     22.430     16.926     14.154 2
1485   -2    -19.270      9.531     11.453 2
  -1 1895     16.883     17.629     15.865 2
 642 1516    -15.792     -9.810     14.740 2
  -1   -2     23.703     15.174     10.657 2
 714   -2    -22.978     -1.992      9.241 2
1626  933     11.024     -3.034     15.098 2
 829   -2      9.633    -13.493      3.054 2
 519 1911    -13.605     13.486     12.094 2
  -1 1888    -17.343     -0.501     -1.067 2
  -1   -2     -7.911    -10.452      0.108 2
  -1   -2     -8.833     11.639      8.860 2
  -1 1908      1.327     -9.315      5.505 2
 871 1563    -19.275    -12.512     -2.936 2
 921   -2     -7.496     -1.420     -6.960 2
 780   -2     -1.518      6.811      4.662 2
 844 1932     12.605      4.811      7.096 2
 808 1554    -18.953     -9.953    -19.791 2
  -1   -2      3.900      5.513      0.356 2
 848   -2      0.744     11.519      4.966 2
 917   -2     14.995      0.937      0.901 2
 875 1564      6.006      5.122     -0.568 2
 770   -2      5.406      6.981     -1.150 2
 569   -2    -20.545      6.764     -7.224 2
 660 1525     20.283     16.969      7.830 2
 950   -2      6.133    -11.885     -6.870 2
  -1 1927     -9.524    -14.085      3.158 2
  -1   -2      9.044     18.484     16.649 2
1633 1082     24.792     18.706      1.485 2
 677   -2     -2.975    -16.013     10.819 2
 688   -2      0.440      5.374      6.304 2
 246   -2    -17.822    -11.789     14.620 2
 899 1567    -17.556      9.615     -0.217 2
 833 1909     -5.049     15.201     11.808 2
 986   -2    -20.718     14.507      8.731 2
 981 1574     18.448     -5.463    -11.480 2
 711   -2     23.901     17.861      2.493 2
 997   -2     10.562     13.208     15.988 2
 819  878      4.605     12.804     -1.998 2
 987   -2     12.093      1.869      0.403 2
 853 1562    -11.457      0.571     13.526 2
 910  320     -1.659     14.387     13.678 2
 900 1568    -18.037      8.854      2.744 2
 952   -2     -4.882     10.303      5.613 2
 960   -2     -7.098      0.962     -0.763 2
1047 1581     15.515     10.877     -1.022 2
1020 1577     10.971    -16.110     13.520 2
 974   -2     23.265      0.103     -9.874 2
1126   -2     -9.669    -15.667      3.266 2
1145   -2     19.155    -18.180     14.472 2
1132 1583     24.653    -12.479      3.134 2
1143 1588     26.022    -11.419      3.159 2
1138 1921     19.676    -14.089      8.313 2
1152   -2     16.815    -12.977      0.500 2
   3 1593      6.660     -7.770     12.269 2
1206   -2    -14.197     -3.490      0.078 2
   5 1597     16.212      9.479     15.351 2
1169 1596    -20.844     -4.595      9.453 2
  -1   -2     13.001     -3.299     12.166 2
  10 1606     12.602     15.005     13.690 2
 405   -2     11.751     -9.122     11.578 2
  32   -2     14.587     15.865     13.163 2
1174   -2     12.641      8.033     10.674 2
1188 1614      9.444     -7.334     15.500 2
1173 1599     20.665      7.262     15.737 2
1186   -2     11.925      8.181     13.487 2
  12 1602     10.510     15.114     17.802 2
  -1   -2     18.364     -6.127     14.787 2
  62   -2      0.088     13.873     18.938 2
   0 1619     17.446      7.413     10.079 2
1181 1607     18.521     -4.283     15.721 2
  -1   -2     10.701    -14.799     17.493 2
1190 1616     10.803    -14.701     17.837 2
  16   -2      1.977     -1.543     17.320 2
 108   -2     -0.382     15.297     18.219 2
1214 1635     21.591      8.768     11.406 2
  57 1610    -13.252     -9.723      9.939 2
   4   -2     22.046      9.394      6.051 2
  -1  128      1.679      7.084     12.268 2
  -1   -2      1.759      7.155     12.413 2
1200   -2      3.218     -5.068     14.446 2
1221   -2      8.636     12.761     16.352 2
1185   -2     15.497     11.536     11.390 2
1208 1631     17.430     -9.014     17.667 2
  54 1626     23.611      2.073      4.632 2
1182   -2     15.659      9.042      9.489 2
1194   -2     11.786     -0.993      3.855 2
  -1   -2     13.272     -9.485      9.912 2
1210   -2     13.382     -9.413     10.188 2
1207   -2      5.280    -15.351     10.474 2
 457 1647     19.808      9.557      1.611 2
  13 1638      8.252     13.219     12.585 2
1235   -2     10.231     11.824     11.393 2
1197   -2    -24.258     -5.495      4.096 2
  39   -2     18.946      6.728     11.218 2
1242 1660    -21.810     -5.139      3.586 2
  31   -2     19.898      5.106     17.141 2
1212   -2     11.859      6.337     19.439 2
1205   -2      3.980     11.777     19.376 2
1203   -2    -25.939     -0.205      1.214 2
  74   -2     -7.433    -15.596     11.234 2
1244 1662      8.324     -9.828     17.272 2
  55   -2     17.382      9.498     19.520 2
1239 1657      9.861      5.731     13.149 2
1227   -2    -19.726     -7.506      6.750 2
1246 1665    -20.124     -8.634      9.892 2
 119   -2    -21.458     -3.231      2.377 2
  99 1682    -18.058     -8.362      0.667 2
  33   -2     11.285      6.687     11.284 2
1294   -2     12.082     13.478     11.016 2
  27   -2     18.427      7.398     11.803 2
1215   -2    -23.981      4.319      4.564 2
  -1   -2    -17.038      6.971      6.365 2
  -1   -2    -16.886      7.070      6.715 2
1224   -2     12.837     -8.572     16.947 2
 175 1685    -24.056     -9.314      2.472 2
1238   -2    -25.952      3.927      0.771 2
  66   -2    -23.402     -3.549     -0.138 2
  -1   -2    -14.056    -11.740     12.187 2
 110 1811    -14.155    -11.681     11.928 2
1248   -2     14.083      6.703      9.504 2
1204 1628      8.801     -5.564     16.632 2
  -1   -2     10.897    -11.011     14.128 2
1241   -2     10.995    -10.938     14.414 2
1355 1754     20.654     11.161      3.789 2
 173 1712      1.254      7.779     13.776 2
1260 1678    -18.728     -7.315      7.061 2
1251   -2     12.485      7.010     13.822 2
1191   -2     21.232     10.241      5.922 2
1264 1681      8.233     17.214     12.223 2
1267   -2      5.434      9.372     14.871 2
1303 1711     17.144     -2.612     12.564 2
 197   -2     18.319      1.849      8.110 2
  -1   -2      1.533     11.160     11.624 2
1279 1693      1.638     11.190     11.794 2
1270   -2      7.855    -10.233     19.213 2
  -1   -2     -6.849      2.885      6.169 2
1272 1688     -6.972      2.947      5.921 2
1257   -2      9.836     -9.269     15.941 2
 121 1642      7.746     13.088     11.791 2
1273   -2      3.362     11.180     12.430 2
  15 1683     22.052     10.415      9.783 2
1381   -2     10.556      4.261      7.073 2
1255 1676     -1.803      7.918     15.633 2
  84 1663      3.839     13.338     17.366 2
 313   -2     14.714      5.220     10.622 2
1293   -2     22.601     -5.061      7.803 2
  -1   -2     22.757     -6.289      7.358 2
  75 1672     18.808      7.126     14.622 2
 142   -2    -23.770      3.719     -0.899 2
 160   -2    -22.337     -8.834      2.081 2
  -1 1783     12.900     10.642      2.655 2
 367   -2     12.936     10.660      2.682 2
 649   -2     18.910     11.359      1.605 2
 177 1708      9.380     18.230     19.743 2
 100   -2      8.694     -1.472     14.885 2
 632 1884     -7.537     -9.617      6.844 2
  59 1652      9.425     12.955     18.810 2
 524   -2     11.563     -7.229     15.499 2
1313   -2      5.607     -0.080     11.569 2
  -1   -2     -8.715     -8.648     10.358 2
  47 1933      4.479      1.453     15.039 2
  -1   -2      4.561      1.403     15.187 2
  -1   83     17.007      5.861      8.304 2
1295 1706     17.072      5.787      8.499 2
1324 1725      4.001     -9.631     15.151 2
  -1   -2    -19.428    -10.645      5.990 2
1318 1722    -19.538    -10.581      5.727 2
1308 1714     23.643     -0.021      7.926 2
1384   -2      4.167     15.626      9.660 2
1302   -2      0.865      5.705     11.759 2
1247   -2    -20.906      3.249      8.367 2
1280   -2    -15.000      2.382      7.014 2
1341   -2      0.400     12.502     11.852 2
1306   -2    -23.196    -12.124      7.863 2
1326 1727      5.316     -9.023     15.609 2
 196   -2    -21.734     -4.797      5.408 2
1275   -2      3.105      3.939     14.230 2
1310   -2    -24.005     -7.233      5.245 2
  -1   -2      3.694      5.159      0.753 2
 112   -2      3.601      5.127      0.943 2
1290   -2    -20.853     -1.324      9.469 2
1344   -2     13.142     -4.776     11.775 2
  -1   -2      3.295     10.139     11.770 2
 604 1761      3.560      6.440      9.650 2
1366   -2      3.522      7.295    -19.448 2
 249   -2    -16.381     -0.656     -0.573 2
1327 1728    -16.239     -3.967      1.590 2
  -1 1703     10.448     -9.160      6.986 2
  -1   -2     10.562     -9.094      7.261 2
  -1   -2    -20.032    -10.863     10.033 2
1348   -2    -20.137    -10.784      9.732 2
 158 1653    -23.803     -2.939      3.432 2
1358   -2      5.397      1.470     18.200 2
 594 1498     -3.206      7.994      7.335 2
  -1   -2    -13.444      1.332      3.619 2
1282   -2    -13.444      1.332      3.619 2
 730 1773    -19.369     -6.411     -3.727 2
1329   -2      2.470      0.590     15.214 2
1370   -2      7.989     -2.641     18.762 2
 266 1762     24.198      2.800      3.745 2
 118   -2      9.577      5.994     15.972 2
1330   -2      0.413      6.822     18.204 2
1311 1717     -2.387      5.061      4.226 2
  -1   -2    -20.113     -9.623     11.039 2
1286   -2    -20.207     -9.545     10.768 2
 315   -2      5.261     17.271      8.930 2
  -1   -2    -14.654      4.747     15.252 2
1414   -2    -25.139     -6.500     -1.520 2
  -1   -2    -14.365    -12.664      5.470 2
1357   -2    -14.447    -12.595      5.247 2
1378   -2     15.046     10.287     19.351 2
 215 1890    -19.155     -0.226      3.469 2
1333   -2     15.091     15.941     17.086 2
  -1 1707    -16.961     -7.060      9.123 2
  -1   -2    -16.900     -7.120      9.302 2
1231   -2    -24.495     -2.582     -1.750 2
 229   -2     25.915      2.015      2.891 2
1541 1876    -20.033     -3.761     -4.331 2
1373   -2      0.214     10.269     14.025 2
  -1   -2    -17.626    -11.447      5.005 2
1343   -2    -17.730    -11.390      4.753 2
 302 1767      0.302     11.262     17.659 2
1339   -2    -15.688      5.887     19.054 2
1338 1740     14.041     16.940     16.914 2
  -1   -2     -6.593     -6.999      6.889 2
1332 1733      2.186     17.255     15.153 2
1401   -2     -9.313     -4.409      1.862 2
 427 1771     -8.949      9.108      2.951 2
1299   -2      4.846     15.789     12.619 2
 131 1739      5.975     15.944     13.292 2
 257   -2     22.637      0.396      3.043 2
1350 1750      3.452     11.894     11.257 2
  -1   -2     24.570     -2.540      4.341 2
 236   -2     24.636     -2.475      4.612 2
  -1   -2      2.495     14.671     10.464 2
1379 1769      2.543     14.671     10.565 2
1583   -2    -20.240    -10.267      1.605 2
 176 1784     22.778      5.055      3.267 2
1387   -2    -13.976     -7.173      1.391 2
1419   -2    -20.560      7.148      4.260 2
1402 1787     -4.670     14.790     15.602 2
   1   -2     -7.067    -14.908      6.648 2
  -1 1805     13.086     13.297      1.522 2
1507 1851     -9.599     11.041      3.526 2
1347   -2    -11.915     -9.565     -1.116 2
  -1   -2     -0.777      8.091     12.232 2
 338   -2    -10.498      6.227     -0.882 2
1407 1790     -9.513      1.466      1.062 2
1389 1776     23.222      5.324      0.862 2
1570   -2    -17.343     -0.501     -1.067 2
1353   -2      4.681      5.150     -4.709 2
1359   -2     -0.066     15.424     13.657 2
 214   -2      9.674     10.344      8.237 2
1425 1804     12.904      7.441      3.288 2
 304   -2      1.340     13.873      4.171 2
  -1   -2    -14.554      9.305     -0.556 2
1424 1802    -14.691      9.197     -0.932 2
1398   -2    -16.858      3.442      8.217 2
  -1   -2     -6.981     16.830     15.681 2
 345   -2     -6.850     16.872     15.947 2
1420 1798    -11.498     -6.033      1.559 2
 376   -2    -11.410     -6.059      1.690 2
1421 1799    -20.652      8.963      5.832 2
1439 1807     13.021    -13.143     11.264 2
 407 1812     -6.782    -13.386      7.756 2
1454   -2    -12.536    -13.823     12.328 2
 498   -2    -15.702     15.202     18.958 2
 462 1831     -5.949    -12.584      7.173 2
1441   -2     16.826    -12.803      5.924 2
 403 1813     -0.997    -16.091     12.895 2
1512   -2     25.771     12.549      5.714 2
 532   -2     -9.702     11.402     14.411 2
 458 1860     -2.262    -15.825      9.007 2
1345   -2    -11.392     14.813     10.821 2
1477 1829     21.451     -7.572     12.937 2
 466   -2      0.689    -13.046     10.146 2
 446   -2     -8.482    -14.154     15.139 2
1479   -2     26.727     -0.126      4.600 2
1478   -2     -0.672    -14.482     12.653 2
 563   -2     -5.155    -14.388      9.101 2
 522   -2     -4.880     -2.484      5.548 2
 473   -2    -16.835     13.438     15.946 2
1586 1896     -6.050    -14.509     14.808 2
1460   -2    -24.543     -4.213      3.142 2
 731 1817    -22.660     -9.507     -8.077 2
 438 1426      0.721    -15.689     16.845 2
 595   -2     -2.669    -15.226     17.858 2
1466   -2      2.065      6.161     18.751 2
1530 1869    -11.726      0.164     12.228 2
 439 1843     23.417      5.601      8.979 2
1521   -2     -9.201      9.271     11.571 2
1481   -2    -11.601      9.898     12.098 2
1508   -2     13.872    -14.302     10.242 2
1440   -2      9.688    -15.147      7.040 2
1135 1840     23.535     -6.100     -1.940 2
 103 1875    -16.246      1.529     17.802 2
1536   -2    -11.883     -2.945      6.598 2
1505 1849    -14.014      6.186     10.607 2
  -1   -2      8.960      8.941     12.851 2
1216 1637    -17.655      1.076     10.410 2
 476 1868      2.910    -16.878     14.397 2
 576 1872     26.600     -1.796      3.467 2
1526   -2     -0.153    -12.985      8.841 2
1549 1879      0.522     -2.964      1.721 2
1498   -2    -16.378     11.706     13.599 2
1475   -2    -12.919     12.622      8.615 2
 636 1857      8.813    -11.690      7.940 2
 629   -2     -2.630    -12.261     13.892 2
1501   -2      3.114    -17.397     14.160 2
 653   -2     15.084    -10.585     -3.043 2
1525 1865      7.234     -0.297      8.257 2
 605   -2     12.176     -7.426      6.560 2
1562   -2     12.386     -3.684      5.046 2
1489   -2      5.618    -14.541      7.102 2
1352   -2      0.636     10.412     12.252 2
 568 1870     21.590      8.464     16.686 2
1560   -2     -7.003    -10.730     15.330 2
1524 1864    -18.148      4.194      1.649 2
1217 1934     18.684     13.955     16.440 2
  43   -2     18.455     13.962     16.539 2
1580   -2     24.258      5.278      9.988 2
1553 1882    -19.812    -11.907     13.036 2
 584   -2     16.883     17.629     15.865 2
 845 1835     23.703     15.174     10.657 2
1472   -2     -9.409     -8.578     12.537 2
 546 1856     18.664     -5.040     16.653 2
1528   -2    -14.628      0.214     16.448 2
1577 1891    -25.864      0.699     -0.808 2
 523   -2     20.518      3.554     -2.247 2
 579   -2     18.821     -1.582     19.886 2
 545 1886     -3.888     10.191      8.347 2
  -1   -2     -5.271     -2.503      2.074 2
 478 1889     22.326      7.665     -7.838 2
1542 1877      5.263     -8.984      6.289 2
1545   -2      4.058     18.952     15.037 2
 812   -2     13.673    -15.930     18.880 2
 285   -2     -4.776     17.706     15.029 2
1587   -2     22.430     16.926     14.154 2
 289 1764      9.726     13.068      8.290 2
1629 1920      9.044     18.484     16.649 2
1596 1900     -7.911    -10.452      0.108 2
1511  502     -8.853     11.638      8.802 2
1590   -2      6.572    -13.779      1.817 2
1595 1899      3.783      4.720      2.587 2
  -1   -2     26.331     -1.395     -0.474 2
1609   -2     23.871     -9.811    -10.398 2
1627   -2     -1.298    -10.037     15.933 2
  -1   -2     16.621     16.179     19.816 2
1612 1512    -24.190    -13.545      4.780 2
1428   -2    -17.143      9.185    -11.322 2
1183   -2     18.337     -6.140     14.711 2
  88   -2    -17.038      6.971      6.365 2
1250 1669     22.725     -6.288      7.272 2
 126   -2    -16.975     -7.092      9.111 2
 128   -2      3.853     -8.137     11.679 2
 134   -2      1.679      7.084     12.268 2
1335 1736     -6.436      2.306     19.327 2
1292   -2     10.531     -9.108      7.167 2
1365   -2     -6.679     -6.985      6.735 2
1411   -2     26.416     -1.328     -0.223 2
 373   -2    -21.942      2.647     -3.860 2
 623   -2      1.341    -10.781      9.974 2
1287   -2      8.589      4.109      8.473 2
1328   -2      3.260     10.170     11.759 2
1367 1935    -11.309     11.161      5.735 2
1429 1365    -10.086    -13.763      9.542 2
1447   -2    -11.955     -3.184     16.330 2
1493   -2    -14.457    -13.174     -2.772 2
1534   -2     22.084     -0.810     -7.484 2
1575 1936     -8.324     -5.582     11.788 2
1579 1521     13.388    -10.022     19.163 2
1599   -2     13.703      4.183     19.772 2
1624   -2     25.996     -0.777     -1.856 2
1647  274     -6.638      8.304      3.875 2
1649 1937     15.525      4.487      2.112 2
1653   -2     10.337     -1.739     11.982 2
1654 1938     11.908     18.122     13.137 2
