1657
  -1 1707     17.449      7.394     10.121 4
  -1 1880     -7.066    -14.906      6.670 4
  -1   -2     20.654      7.230     15.743 4
  -1 1692      6.709     -7.779     12.264 4
  -1 1715     22.051      9.377      6.041 4
  -1 1694     16.207      9.464     15.347 4
   6 1205     13.036     -3.263     12.343 4
  15   -2      9.403     -7.383     15.484 4
  10   -2     17.011     -7.833     14.556 4
  -1   -2     18.510     -4.285     15.729 4
  -1 1697     12.618     15.007     13.695 4
  -1   16     11.957     -0.946      4.232 4
  -1 1704     10.535     15.099     17.803 4
  -1 1729      8.276     13.245     12.593 4
  16   -2     18.291     -6.170     14.675 4
  -1 1779     22.044     10.400      9.791 4
  -1 1711      1.991     -1.556     17.336 4
  -1   -2      8.772     -5.612     16.633 4
  -1   13    -20.804     -4.619      9.499 4
  -1   -2     15.499     11.521     11.396 4
  -1   -2     21.579      8.759     11.395 4
  -1   -2     11.182     -3.314      9.594 4
  -1   21     18.466     -8.034     11.675 4
  -1   -2      3.984     11.763     19.301 4
  -1   -2     15.657      9.027      9.485 4
  -1   -2     -1.836      7.897     15.595 4
  -1   -2     22.114     14.140      9.950 4
  31 1748     18.417      7.378     11.802 4
  52   -2     10.710    -14.748     17.681 4
  -1   -2      9.006      8.932     12.884 4
  -1   -2     21.211     10.224      5.928 4
  -1 1734     19.888      5.106     17.139 4
  -1 1699     14.603     15.874     13.172 4
  -1 1746     11.261      6.676     11.217 4
  30 1227     19.297     10.094     16.081 4
  81   56      0.427     -8.233      9.039 4
  -1   -2     11.910      8.161     13.408 4
  -1   -2      3.988     -9.657     15.133 4
  40   30     13.691      9.783     20.087 4
  -1 1732     18.937      6.712     11.196 4
  24 1222    -19.897      0.011      5.078 4
  -1   -2    -11.398     14.888     10.715 4
  -1   -2    -24.222     -5.487      4.083 4
  77 1958     18.566     13.982     16.649 4
  -1 1237     13.060     11.274     19.553 4
  51   43      3.610     -4.013     12.530 4
  -1   -2    -24.442     -2.581     -1.775 4
 469 1799      4.528      1.421     15.078 4
  39   -2     13.313     -9.445     10.118 4
 120   -2    -24.024      4.325      4.410 4
  -1   -2     12.586      8.026     10.556 4
  -1   -2     11.862      6.332     19.445 4
  -1   -2      8.654     12.736     16.343 4
  -1   35      4.660     -6.350     10.228 4
  -1 1722     23.594      2.062      4.629 4
  -1 1740     17.387      9.496     19.514 4
  -1   -2     14.068      6.699      9.481 4
  -1 1714    -13.183     -9.719     10.009 4
  -1   94    -20.045     -8.615      9.854 4
  -1 1795      9.440     12.941     18.817 4
  44   -2     12.768     -8.604     16.935 4
  -1   -2      8.260     -9.883     17.230 4
  -1 1706      0.093     13.853     18.937 4
  -1   -2      9.864      5.720     13.153 4
  65   -2     10.932    -10.983     14.360 4
  -1   -2    -19.651     -7.506      6.803 4
  -1 1755    -23.357     -3.545     -0.147 4
  -1   -2    -18.654     -7.309      7.099 4
  -1   -2      9.785     -9.325     15.893 4
 131 1316     11.911     -5.490     -0.424 4
   9 1207     11.138      1.156    -10.678 4
  -1   -2    -11.986     -6.231     19.021 4
  64 1258      3.166    -10.246      9.691 4
  -1  100     -0.714      2.587      9.596 4
  -1 1738     -7.423    -15.586     11.300 4
  -1 1786     18.801      7.117     14.629 4
 187   -2     17.026      5.805      8.367 4
 101   44      6.798      2.717     12.891 4
  89   -2    -20.905      3.256      8.291 4
  -1   -2     12.690     -4.334      7.598 4
  87   90      8.906    -14.107     19.274 4
  -1 1209    -18.745    -10.158     18.867 4
 114   82      7.812    -10.308     19.206 4
  -1 1467    -12.546      7.227      5.384 4
  -1 1782      3.857     13.316     17.349 4
  -1   -2      3.359     11.180     12.355 4
  -1   -2      4.007    -10.115      7.748 4
  -1   -2    -14.019      6.171     10.521 4
 426 1990    -16.907      7.080      6.555 4
  -1   84      6.512     10.664     12.732 4
  -1   -2     12.987      4.760      7.757 4
  -1   -2     12.480      6.989     13.808 4
 119   -2     -0.800      8.147     12.399 4
  -1 1280     13.204     13.999     15.527 4
  57   -2     22.661     -6.305      7.210 4
  -1   -2    -22.615    -11.886      9.078 4
  -1   -2     10.251     11.838     11.404 4
  -1   -2     17.380     -9.006     17.509 4
  -1   -2    -21.771     -5.138      3.568 4
  -1 1745    -18.030     -8.361      0.662 4
1310 1793      8.741     -1.448     15.022 4
  -1   -2    -10.335      4.150     10.488 4
  -1   -2    -25.866     -0.209      1.209 4
  -1 1934    -16.203      1.584     17.750 4
  -1   -2    -25.903      3.917      0.711 4
  -1 1203     -4.357    -12.707     -6.655 4
 259 1413    -16.018    -12.802      3.412 4
  -1   -2    -10.039     -0.807     14.874 4
 126 1712     -0.318     15.289     18.253 4
  -1   88     13.199    -14.533     15.576 4
  -1 1757    -14.087    -11.688     12.013 4
 223   -2      0.860      5.675     11.710 4
 141 1818      3.684      5.131      0.872 4
 151   -2    -13.398      1.327      3.550 4
  -1   -2     20.643     11.152      3.796 4
 264   61    -11.489     -5.101      4.959 4
 270  105      2.494      0.526     15.239 4
  -1   -2      0.393     12.486     11.793 4
  -1 1839      9.586      5.982     15.973 4
  -1 1744    -21.424     -3.246      2.384 4
  -1   -2      8.553      4.104      8.394 4
  -1 1777      7.773     13.123     11.810 4
 211 1378      8.609     -0.245      0.775 4
 139  102    -18.035     -2.190     15.778 4
  -1   -2      0.632     10.367     12.201 4
  -1   -2    -23.976     -7.211      5.193 4
 168 1992    -16.912     -7.080      9.170 4
 227 1390      5.402      1.390     18.247 4
 190 1993      3.874     -8.185     11.837 4
  -1   -2    -10.233      7.658      6.807 4
 231 1394     18.942      3.093      5.465 4
  -1 1868      6.007     15.947     13.298 4
 163   -2      1.641     11.182     11.713 4
 205   -2      0.233     10.207     14.055 4
1224 1994      1.771      7.090     12.356 4
 195   -2     -6.421      2.264     19.344 4
  -1   -2      5.443      9.347     14.822 4
  68  501     -7.225     -8.817     11.770 4
 144  184      5.601     -0.134     11.563 4
 115 1300    -17.287    -13.261      7.094 4
  -1   -2    -16.190     -3.970      1.580 4
 142   -2    -20.137     -9.569     10.875 4
  -1 1787    -23.712      3.731     -0.895 4
 262 1417     -2.242      3.403      4.170 4
 159  262    -20.830     -1.354      9.460 4
 113   -2    -12.658     12.379     19.179 4
 220 1383    -14.536      4.755     15.329 4
  -1  171      6.599     -0.003     13.016 4
  -1   -2      3.267     10.143     11.687 4
  -1   -2     10.989      3.789     18.003 4
  -1  227    -10.774     -0.362     19.832 4
  -1   -2      5.243    -15.436     10.563 4
  -1   -2     10.602      4.314      7.058 4
 146   -2     22.538     -5.078      7.752 4
  -1   -2     10.544      1.832     10.269 4
 481  182     -7.272      6.832     17.962 4
 153  146     11.091      0.053      8.172 4
 217  111      4.803    -14.275     16.616 4
  62 1830    -23.793     -2.957      3.394 4
  -1  127     -2.567     10.774      7.595 4
  -1 1788    -22.313     -8.828      2.078 4
 140  222    -16.238     -3.544      8.297 4
 246  210    -22.498      1.533     -2.435 4
 174 1350    -18.064     -1.733     11.236 4
 532  217     -6.652      3.258     15.189 4
  -1   -2    -16.467     -3.984      4.968 4
 125   -2     -6.887      2.929      6.012 4
  -1   -2      1.582     10.796      1.965 4
  -1   -2    -11.839     -9.582     -1.081 4
 157 1335      1.371      6.642      2.087 4
 136 1318     -1.451      6.104     16.131 4
 154  120      0.612     -0.947     18.633 4
1561   80     -5.173     -2.449      2.208 4
  -1 1763      1.287      7.766     13.796 4
  -1   -2     23.203      5.314      0.877 4
  -1 1753    -24.027     -9.312      2.462 4
  -1 1876     22.756      5.046      3.257 4
  -1 1792      9.404     18.220     19.708 4
  -1   -2    -12.482    -13.829     12.429 4
 193  178    -10.684     -1.963      5.855 4
  -1   -2      4.173     -4.342     11.483 4
 143 1326     -2.007      0.958     12.175 4
  -1   -2    -25.098     -6.486     -1.527 4
 272 1424     -0.876     14.300     10.477 4
 173   -2    -19.443    -10.585      5.846 4
  -1 1117    -23.512     -2.904      0.413 4
  -1  197     -2.418      5.004      4.238 4
  -1   -2     17.132     -2.620     12.580 4
 253   -2    -17.643    -11.379      4.845 4
  -1   -2    -23.216    -12.077      7.754 4
 181  200      1.983      0.709     18.634 4
  -1   -2     15.104     15.953     17.074 4
  -1   -2     -2.432      4.188     -8.354 4
 145  230     -3.188      5.340     19.117 4
  -1   -2    -14.751     -2.034    -12.563 4
 177  628      3.137     -6.985     16.954 4
  -1 1814    -21.685     -4.790      5.397 4
  -1 1770     18.275      1.825      8.042 4
 251  229     -5.576    -10.045     11.382 4
 282 1428    -11.737      9.402     16.765 4
  -1   -2      0.491     -8.159     18.067 4
  -1  189     -9.692     11.077      3.375 4
  -1   -2     21.188     13.920      7.535 4
 123 1307      0.357    -14.000      8.819 4
  -1  234      1.334     -9.278      5.509 4
  -1   -2     -2.307      7.710     -0.226 4
 207 1376    -20.834     -7.149      4.830 4
 292  106    -17.549    -13.276     14.921 4
  -1   -2     -7.581     -2.089      1.825 4
  -1   -2    -15.180     -3.821      0.842 4
 314   -2    -23.076    -13.477      4.651 4
  -1   -2     12.337     -3.702      4.993 4
  -1  151     -4.027      2.812      1.834 4
 183 1356      0.965     12.729      7.706 4
1430 1891      9.701     10.392      8.279 4
  -1 1850    -19.142     -0.230      3.428 4
1396  131    -23.496      5.826      4.924 4
  -1   -2     15.051     10.279     19.361 4
  -1   -2      1.256     -1.363      4.814 4
  -1   -2      6.058     -1.291      7.278 4
 613 1593     -4.052     -6.822      2.571 4
 226   -2      1.401      9.082     -8.942 4
  -1   -2     -6.626      7.600     18.169 4
 290  259     -5.403      5.949     18.348 4
 280 1427    -21.844      3.373     10.583 4
  -1   -2     13.088     -4.803     11.742 4
 172   -2     -7.815      3.846      4.265 4
  -1   -2      2.187     17.261     15.077 4
  -1   -2    -24.702      5.264      0.193 4
  -1 1855     25.861      1.987      2.843 4
  -1   -2    -12.034     -9.835      9.102 4
  -1   -2      4.860     15.809     12.572 4
  -1   -2    -17.508      8.291     15.235 4
  -1   -2      5.574     -4.735     -1.764 4
 248   -2      0.439      6.749     18.243 4
  -1   -2    -11.814     -2.946      6.658 4
 299 1872     24.586     -2.493      4.542 4
  -1  250      5.157     -3.182     18.653 4
 155  219     -8.593     -8.664     10.626 4
 307   -2     -5.673      9.236     16.744 4
 116   -2    -21.016     -2.071    -13.071 4
  -1   -2    -17.681     -4.136     -5.708 4
 194 1365     19.626     14.783     13.250 4
  -1   -2      3.454     11.904     11.195 4
  -1   -2    -12.478      4.628     15.748 4
  -1  248     14.533      7.427      3.736 4
 909 1669    -17.744    -11.775     14.644 4
  -1  159    -14.137    -15.047      8.886 4
 271  244     -6.450     10.521     17.906 4
  -1 1824    -16.333     -0.658     -0.571 4
  -1   -2    -13.949     -7.174      1.333 4
  -1  305      4.843     -0.450     19.183 4
 672  183     10.438     -0.503    -11.580 4
 260   -2     10.496     -9.150      7.139 4
  -1   -2    -20.597    -12.032      0.734 4
  -1   -2     -4.707     14.802     15.494 4
  -1   -2    -15.011      2.365      6.945 4
  -1 1869     22.582      0.363      3.014 4
  -1   -2     13.177     14.175     14.310 4
  -1  532    -13.525    -12.428     12.390 4
 239   -2      2.532     14.682     10.507 4
  -1   -2     12.816     -1.171      7.378 4
  -1 1367    -11.279      2.099     15.662 4
 243   -2    -20.045    -10.799      9.849 4
  -1  185      5.410     -2.726     11.701 4
  -1   -2     20.742    -10.425      9.272 4
  -1 1838     24.150      2.767      3.680 4
  -1  308      0.262     16.960     15.121 4
 577  129      6.445      8.425     10.164 4
  -1  339     -5.384     -0.705      0.076 4
 256 1411      9.972     -3.625     10.845 4
  -1  281      5.662     11.872      7.887 4
 283  144     -4.568     -0.392     14.389 4
 709 1626    -11.211     16.363     12.068 4
  98  322      6.151     -7.226    -13.871 4
  -1   -2      8.275     17.240     12.238 4
  -1  319    -11.367     11.177      5.561 4
 317   -2     -6.621     -6.981      6.785 4
 233  190    -15.510      5.908     19.191 4
  -1   -2     -0.099     15.415     13.552 4
 285 1429    -17.359      8.409     14.055 4
  -1   -2     -7.970      0.949     -0.467 4
  -1   -2      7.952     -2.653     18.665 4
 312 1448     10.657      2.815      2.315 4
  -1   -2      3.040      3.845     14.117 4
 269 1975     -4.815     17.728     14.899 4
  -1   -2    -18.989     -1.823    -13.458 4
  -1  337    -19.121     -9.032     11.350 4
 319  188      5.504      5.191     13.775 4
  -1 1977      9.750     13.120      8.256 4
 229   -2    -20.721      9.002      5.592 4
  -1   -2     -3.053     16.932      8.501 4
  -1  297    -14.230     -0.623      9.322 4
  -1   -2     -7.884    -10.435      0.046 4
 300  867     -6.002     -3.393     10.290 4
 297   -2    -14.370    -12.595      5.337 4
  -1  345    -10.599    -11.378      0.753 4
  -1   -2    -20.031     -8.215     -6.481 4
 366  172    -22.400     12.540      1.152 4
  -1  325      3.615     11.471    -15.060 4
  -1   -2      2.661      9.222     -8.650 4
  -1  344     -3.295      5.516     10.085 4
  -1 1860      0.346     11.243     17.671 4
 288 1432     -8.349      4.868      2.156 4
1437 1893      1.402     13.918      4.283 4
 333 1460     -3.936    -13.181     -5.433 4
  -1   -2      5.133      4.733      4.765 4
  -1   -2      4.165     15.653      9.607 4
  -1  304    -10.047    -13.694      9.531 4
 278  356     -0.967     14.809      4.217 4
  -1   -2      3.959     12.780     14.638 4
  -1  257    -16.762    -11.727      4.127 4
 336 1463    -20.155      9.378      8.730 4
1300 1783     14.628      5.128     10.935 4
  -1   -2      4.319     -7.160     17.425 4
1367 1844      5.317     17.252      9.066 4
  -1   -2     18.832     12.517      1.416 4
  -1  766     17.508      4.862     -0.622 4
  -1   -2     14.050     16.954     16.894 4
 360  295      1.727     16.603      8.352 4
  -1   -2    -10.453    -12.963      4.559 4
  -1   -2     17.738    -12.014     -0.843 4
  -1  317     -5.556      2.525     19.919 4
 338   -2     26.356     -1.352     -0.294 4
 357   -2    -20.585      7.168      4.109 4
 318  333    -21.775     13.201      4.454 4
 358   -2      7.647      6.941     16.984 4
 323  284     -0.815     -1.786      4.550 4
  -1   -2     16.610      1.401      3.671 4
  -1   -2     12.852      7.458      3.206 4
  -1   -2     -3.438     -0.143      1.488 4
  -1   -2    -11.936     -0.590     -6.566 4
 263  346     -6.097     -4.760     10.770 4
  -1   -2      3.516      7.388    -19.402 4
  -1   -2    -24.100     -2.500     -1.750 4
  -1   -2    -11.107      7.046     -0.072 4
 309 1445     12.434     -8.269     15.338 4
  -1   -2      3.951     -6.173     -9.638 4
 364 1885    -10.431      6.198     -0.686 4
  -1   -2    -11.410    -10.780     -1.869 4
 313  231      0.868     13.653     16.406 4
  -1  891     -4.424     16.976     14.090 4
  -1   -2     -9.247     -4.412      1.902 4
1003  374     16.565     16.331     20.046 4
  -1   -2    -11.698     -0.472     16.381 4
 744 1898     -6.877     16.899     15.839 4
 339  366    -12.377      7.373     -1.145 4
  -1  355     13.219     -7.144     -8.016 4
 368   -2     21.502     -7.886      7.211 4
  -1   -2     -1.293      6.288    -16.563 4
 372  327     13.531      4.575      7.077 4
  -1   -2     16.126      5.009    -11.679 4
 384  357     -4.529    -13.473      1.270 4
  -1   -2    -14.577      9.254     -0.670 4
1405   -2    -20.261    -10.252      1.504 4
 371  952     10.341      4.958      2.826 4
 529  323     -0.412     -6.670     18.751 4
  -1   -2     -4.135     11.756     16.133 4
  -1   -2     -6.193      6.726     -7.892 4
 346 1470     -2.276     13.369      3.173 4
  -1   -2      9.279      0.858    -12.598 4
  -1  288      2.661     -2.683     17.515 4
  -1   -2     16.208      4.003      5.230 4
  -1   -2      0.240     10.695     -4.441 4
  -1   -2    -12.975     12.034      4.000 4
  -1   -2      1.954     -1.065    -16.652 4
  -1   -2     13.089     13.328      1.583 4
 370 1790     12.981     10.715      2.737 4
  -1   -2    -11.640     11.238      2.508 4
  -1   -2    -17.346     -0.521     -1.173 4
 388  866    -19.564     11.140      0.988 4
1407  371    -21.931     -9.273     10.355 4
 343   -2     -5.671     11.953      2.175 4
 324 1999    -21.979      2.686     -3.969 4
  -1   -2     -1.380     -7.438     12.306 4
  -1  776     -9.604     14.994      8.286 4
1442 1900    -11.419     -6.037      1.605 4
  -1   -2     -2.776     -9.696     -9.007 4
  -1  377     -7.367     15.420      2.458 4
 398 1490     -9.782    -13.732      1.700 4
 399 1492    -25.440     11.219      3.493 4
  -1  390    -23.970     10.550      4.772 4
  -1   -2    -20.578      7.073     -2.785 4
  -1   -2      0.697      8.569      3.995 4
 875  365     -9.588    -14.032      3.027 4
1434  354    -23.252     11.050      4.121 4
  -1   -2     11.464      5.111     -4.189 4
  -1   -2    -19.480     10.591     -2.843 4
  -1   -2     23.232     -1.461     -0.608 4
 441 1514    -15.305     11.233     -9.804 4
  -1   -2     21.864    -10.332     -8.639 4
  -1   -2     13.003    -13.161     11.303 4
  -1  412     11.551    -11.052      8.946 4
 423 1501    -10.114    -13.978      6.545 4
  -1   -2     16.224      1.945     -5.615 4
 419 1498      9.450    -15.073     11.830 4
  -1  398    -11.900    -14.314      4.152 4
 443 1515    -17.473     -4.723    -11.175 4
  -1  420    -11.255     -0.876     12.774 4
  -1   -2    -22.351      2.120      3.337 4
  -1 1502     -3.722     -3.040      6.864 4
  -1   -2      1.490     10.184     16.326 4
  -1   -2     -2.713     12.254     19.327 4
  -1 1908     -1.059    -16.051     12.872 4
  -1  427    -14.075    -10.255     16.821 4
  -1 1698     11.730     -9.149     11.609 4
 427 1505     14.878     12.260     12.671 4
  -1 1903     -6.792    -13.390      7.739 4
  -1   -2      0.295     -0.071      1.129 4
  -1   -2    -13.819      0.685     14.480 4
  -1   -2    -23.034      3.273     -4.690 4
 434 1509     12.916     -0.501    -12.410 4
  -1   -2     17.598     13.114     -0.154 4
  -1  437      2.187     -5.530      8.730 4
  -1  438      3.457    -12.366     15.258 4
  -1   -2     16.814    -12.826      5.954 4
  -1   -2     -4.180      8.991      9.152 4
  -1   -2    -10.267    -12.187     10.851 4
  -1   -2      3.240     -5.089     14.482 4
  -1   -2      2.052      6.162     18.768 4
  -1   -2    -24.947      7.310     -1.052 4
  -1   -2     -0.975     -6.965      9.522 4
  -1 1549     -5.943    -13.247     10.990 4
  -1   -2    -15.041      5.737    -10.604 4
  -1  399     -1.851      3.085     12.652 4
  -1   -2    -24.520     -4.194      3.131 4
 488 1544     -8.315     -0.668     12.321 4
  -1 1866     -8.927      9.089      2.961 4
  -1   -2    -19.238      9.594     11.379 4
 480 1539      5.321    -14.072     14.856 4
  -1   -2    -11.560      9.937     12.077 4
  -1   -2      2.611     -6.496     10.448 4
  -1   -2      3.053    -17.432     14.142 4
  -1   -2     -9.423     -8.541     12.594 4
  -1   -2    -11.519      1.064      1.760 4
  -1   -2      2.746     -6.755     14.221 4
  -1  423     -8.755      9.879     16.624 4
 713 1627    -22.827      5.389      9.662 4
  -1 1924      0.731    -15.674     16.912 4
  -1 1928     23.415      5.598      8.953 4
  -1   -2     -4.899     -3.784      6.841 4
  -1  425     20.023      3.159    -16.355 4
  -1   -2     -6.222     -7.532     15.939 4
  -1   -2     -0.627    -11.293     14.467 4
  -1   -2      2.327     -1.134     19.310 4
  -1  478    -12.902     10.213      4.562 4
  -1 1915     -8.498    -14.124     15.213 4
  -1   -2     12.595     -6.222     10.678 4
  -1 1511    -12.290      5.806      8.305 4
  -1   -2     21.438     -7.578     12.963 4
  -1   -2      2.635     -2.329     -6.345 4
  -1  489    -11.853     -3.181     16.434 4
  -1   -2    -16.683     -0.951      4.238 4
 574 1579     -0.596    -12.599     18.712 4
  -1   -2    -12.606      0.886     18.655 4
 213 1379     -1.172     11.321      8.025 4
  -1 1518     20.247      3.779     10.019 4
  -1 1728     19.794      9.561      1.638 4
  -1 1911     -2.308    -15.818      9.068 4
 633 1605     21.203     -4.898     10.367 4
  -1   -2      2.856     14.690     -5.035 4
  -1   -2     25.742     12.513      5.728 4
  -1 1906     -5.944    -12.569      7.190 4
  -1   -2     -0.697    -14.451     12.697 4
 571 1577      8.831     -4.716    -11.518 4
  -1   -2    -12.395      5.954     18.293 4
  -1 1914      0.707    -13.044     10.247 4
  -1 1545     -6.228     11.436      8.172 4
  -1   46     21.916     11.319      6.014 4
 490 1546    -13.642     -1.222     17.475 4
  -1   -2    -10.131    -11.528     12.795 4
  -1   -2     19.323     16.086     13.322 4
  -1  484    -13.457     11.126     16.892 4
  -1 1920    -16.769     13.488     15.938 4
  -1   -2      7.272      2.197     15.563 4
  -1   -2      9.660    -15.192      7.076 4
  -1 1939      2.848    -16.897     14.413 4
  -1   -2    -12.674     -2.475      3.830 4
  -1 1971     22.313      7.652     -7.806 4
  -1   -2    -21.923      0.239     -4.230 4
  -1   -2     26.723     -0.130      4.585 4
  -1   -2      7.251     -0.301      8.259 4
  -1  459    -17.704     -4.301     -0.286 4
 521 1558    -20.388      6.237     15.539 4
 492  445     -9.764     10.857     20.138 4
 170  669      0.128     -6.881     -2.554 4
  -1  457    -15.076      5.813      3.631 4
  -1  606     22.095     -0.843     -7.329 4
  -1  612     -8.513      7.010     -1.077 4
  -1   -2     -1.544     15.302     17.110 4
  -1   -2     -1.058    -11.870      2.348 4
 496  600     22.280     -4.264     -0.903 4
  -1   -2     -0.640      2.602      0.019 4
  -1   -2      1.138      2.721     17.362 4
  -1 1537      4.810     -8.793     10.040 4
 439 1512      0.001     10.149     -8.300 4
  -1 1563      9.462      6.181     17.643 4
  -1   -2    -14.240     -3.659      1.789 4
  -1 1905    -15.633     15.268     18.979 4
 539 1565      3.449     -2.997      9.088 4
  -1   -2    -12.864     12.682      8.612 4
  -1   -2     -8.824     10.572     12.413 4
  -1   -2     -5.276     -7.413    -14.613 4
 505  463     -6.350    -11.866      4.447 4
  -1  502     -7.437     -9.990     13.821 4
  -1   -2      7.014      5.923    -11.366 4
  -1   -2    -15.785     -4.012      4.274 4
  -1   -2    -21.355     -3.420      5.452 4
  -1  506     -6.293    -10.849      4.511 4
  -1   -2    -10.939    -14.814      9.197 4
 522 1559    -16.279      5.766     19.430 4
  -1   -2     -6.099     -2.374     13.346 4
  -1   -2    -10.873      9.905      9.356 4
  -1   -2    -19.490     -2.993      2.960 4
  -1   -2      8.305     12.781      6.269 4
 535  646    -16.787     -9.104    -15.795 4
  -1   -2    -11.655     12.343      4.213 4
  -1   -2    -20.499      9.202      3.443 4
  -1  487     17.307     -3.983     15.572 4
  -1 1646    -13.609     13.573     12.222 4
  -1   -2     -1.129    -13.892     15.602 4
  -1  538      3.503     -2.445     13.921 4
  -1 1919     -4.842     -2.473      5.552 4
  -1 1967     20.505      3.553     -2.249 4
  -1 1796     11.554     -7.245     15.536 4
  -1   -2      1.243     -9.169      4.081 4
  -1   -2    -10.563      5.332     -8.854 4
  -1   -2     -7.674      1.181     -0.472 4
  -1   -2     -2.171      6.867     -8.377 4
  -1  557    -18.611     -5.807     17.147 4
  -1  581     -6.567     -8.300      8.603 4
  -1   -2     13.867    -10.460     -0.516 4
  -1 1910     -9.648     11.438     14.361 4
 284  610    -19.859      2.297     14.259 4
  -1  486     -4.736      9.378      9.600 4
1461   -2    -15.985     13.931      1.307 4
 745 1637    -22.312      4.526      9.863 4
  -1   -2     -6.066      3.282      0.725 4
  -1 1555     13.969     10.694     16.858 4
  -1  536      3.128     -8.916     13.945 4
 735 1632     -0.006     10.658      5.497 4
  -1  419     -7.642      6.556      6.712 4
  -1  522     19.356      1.744     13.308 4
  -1 1535    -17.835     11.075     13.395 4
 623 1597     20.040     -7.046     -0.119 4
  -1 1969     -3.865     10.185      8.343 4
  -1 1964     18.627     -5.078     16.673 4
  -1   -2     -5.989    -15.194     16.866 4
  -1   -2      3.135      9.894     12.721 4
  -1   -2     -0.249    -12.955      8.736 4
  -1   -2     -2.929     -0.640     -2.385 4
  -1   -2    -11.759      0.130     12.124 4
  -1   -2     -6.380    -17.373     17.591 4
  -1   -2      8.894     -3.195     10.250 4
  -1  109      9.072    -11.579     16.163 4
  -1  497    -22.151     -9.244      4.729 4
  -1   -2    -15.575     10.686     14.468 4
  -1   -2    -19.964     -9.769    -12.707 4
  -1   -2    -19.001      6.705      4.716 4
  -1   -2     -9.089      7.303      2.061 4
  -1   -2     17.671     -0.063     19.746 4
  -1   -2     -8.031      3.933      7.085 4
  -1   -2     20.948      2.475     15.266 4
  -1 1918     -5.179    -14.367      9.132 4
  -1 1574      8.190     -5.678     11.758 4
 595 1587      4.710    -15.618     11.265 4
  -1   -2    -17.614      1.076     10.384 4
 236   -2      0.165     17.316     20.168 4
  -1 1954     21.586      8.461     16.675 4
 870 1661    -20.473      6.821     -7.311 4
  -1   -2      4.077     18.958     15.021 4
 683 1620     14.421      7.203     19.953 4
  -1   -2     20.645     12.865     11.469 4
  -1   -2    -20.649     14.877     12.990 4
 736 1633      5.137      2.331      2.477 4
  -1   -2    -10.647     -7.072     12.293 4
  -1 1940     26.545     -1.791      3.341 4
  -1   -2     -8.097      7.887     -5.397 4
  -1   -2    -20.773     -1.994     -6.209 4
  -1 1968     18.809     -1.586     19.898 4
  -1   -2    -14.833     -5.041     19.020 4
  -1  496     16.713    -10.887      6.662 4
 622 1596     -6.651     -4.205      4.399 4
  -1   -2    -17.524      8.875     19.349 4
  -1 1961     16.900     17.661     15.874 4
  -1   -2     22.612     -0.931      4.521 4
  -1   -2     -8.394      5.135      2.289 4
  -1   -2      5.931     -8.200     14.399 4
  -1 1564     11.265     -6.800      4.949 4
 649 1610    -22.843    -14.343      4.557 4
  -1   -2      4.282      4.663      6.327 4
  -1   -2    -19.783    -11.888     13.032 4
  -1   -2    -20.330      0.739     14.127 4
  -1   -2      4.407     -2.737      5.744 4
1354 1832     -3.161      7.989      7.304 4
  -1 1925     -2.686    -15.178     17.922 4
  -1   -2     -6.187     -4.931     13.948 4
 634   -2    -18.180    -12.244     17.563 4
  -1   -2    -16.116      1.720    -19.760 4
  -1   -2      3.826     10.082      8.791 4
  -1   -2    -16.853      4.251     -8.198 4
 630 1603     20.310      7.366     -6.010 4
 675 1617    -21.998     -7.557      8.465 4
  -1   -2     10.501      7.001     18.308 4
  -1 1822      3.619      6.419      9.639 4
  -1 1950     12.165     -7.445      6.595 4
  -1   -2     -0.800     -8.139      4.784 4
 182  641     10.989      4.708      5.418 4
  -1  602     12.729     16.809     13.698 4
  -1   -2     13.590      4.184     20.002 4
  -1   -2      0.799    -15.377     19.249 4
 351 1472      8.337      9.027      8.037 4
 558 1571    -23.342     13.057      7.908 4
  -1   -2     -3.830     -4.516      5.634 4
  -1  616     -5.838     13.207      8.583 4
  -1  589    -16.281     11.833     -7.004 4
  -1  738    -14.871     -8.528     16.509 4
  -1   -2    -14.324     10.310     -2.875 4
 650 1611      8.234    -16.875     11.660 4
  -1   -2      8.311     17.610      9.851 4
  -1   -2      5.196     -9.026      6.127 4
  -1   -2      6.499      0.850    -14.117 4
  -1   -2     -6.067      2.799      6.900 4
 572 2000      1.337    -10.769      9.998 4
  -1   -2     20.511     17.335     10.193 4
  -1   -2     -1.259     -6.686     13.499 4
  -1   -2    -17.530     -4.108      3.127 4
  -1   -2    -14.598      6.513     10.491 4
  -1  696      0.127    -14.358     20.188 4
  -1 1946     -2.613    -12.257     14.054 4
  -1   -2      1.222     -5.701     12.252 4
  -1   -2      0.872     -1.956    -19.190 4
  -1 1794     -7.507     -9.609      6.868 4
  -1  505    -10.880     -7.855     11.455 4
  -1   -2    -21.024      8.379      4.235 4
  -1   -2    -24.136    -13.572      4.721 4
  -1 1945      8.795    -11.751      7.953 4
  -1   -2      5.477     -8.084     19.707 4
  -1   -2     24.244      5.266      9.981 4
  -1 1562     -3.687     12.736      5.446 4
  -1   -2     18.519      5.653     -4.533 4
  -1   -2      6.541    -13.815      1.837 4
 777 1641    -15.785     -9.776     14.715 4
  -1   -2      9.710     -3.527     -9.784 4
  -1  461    -17.034      8.683     12.640 4
 591 1585    -16.394    -10.473      8.941 4
  -1   -2     24.748     18.704      1.507 4
  -1   -2     18.346      6.149      5.037 4
  -1   -2    -23.672     -1.475     -2.741 4
1308 1791     18.952     11.394      1.630 4
  -1  704     13.370    -10.074     19.210 4
  -1   -2     13.065      0.839     13.783 4
  -1   -2     -3.290     13.930     14.600 4
1525 1948     15.052    -10.605     -2.989 4
  -1   -2      7.402    -10.307     -8.375 4
 257   72     -0.259    -13.466     -3.417 4
  -1   -2     -2.464     -7.124    -15.913 4
  -1   -2    -16.416      7.231     -7.804 4
  -1   -2    -10.795    -12.856     13.612 4
  -1 1624    -15.999     -8.655     17.117 4
 871 1662     20.317     16.982      7.658 4
  -1   -2     -8.975      0.559     10.816 4
  -1   -2      8.921    -14.164      8.207 4
 714  655    -11.127     -5.687     19.374 4
  -1  558      4.322    -13.969     17.309 4
  -1   -2    -16.311      5.173     -9.320 4
 198  215     -4.966     -4.121     19.905 4
  -1   -2     -4.855     -0.443     -7.605 4
  -1  698      9.914     -6.210      2.936 4
 676   -2    -12.842      9.613     19.037 4
  -1  578     -0.747     -2.521      9.442 4
 645 1608    -10.767    -13.020     -7.216 4
  -1   -2    -11.458     16.539     17.353 4
  -1   -2      7.836     -6.774    -11.456 4
  -1   -2     14.725    -12.115     -2.553 4
 540   -2    -11.376     -3.495     -0.475 4
  -1   -2     -0.598     -3.034      4.975 4
 895 1667     -3.030    -16.013     10.849 4
  -1   -2    -10.083      9.918      5.691 4
  -1   -2      4.144      5.290     11.607 4
  -1   -2    -19.582      7.938     -4.144 4
  -1   -2     -2.518     15.473     -0.672 4
 567 1575     12.024    -14.333      2.371 4
  -1   -2    -12.821      4.343      3.960 4
  -1  326      5.300      1.687     -1.995 4
  -1   -2     10.834     19.187     10.241 4
1555  781     -1.295     -2.094     15.211 4
  -1   -2     13.703      7.634    -14.760 4
 907 1668      0.445      5.383      6.326 4
  -1   -2     -3.823     -8.592     11.880 4
  -1   -2    -17.310     -0.198    -11.385 4
  -1  202     18.368     13.997      9.542 4
 691  647     12.953     -9.683      4.280 4
  -1   -2     20.157      7.112     13.959 4
  -1   -2     24.720     16.224      2.210 4
  -1  638     17.243    -14.593     17.010 4
  -1   -2      6.589    -17.238     11.243 4
 766  873    -13.231     -2.281     20.067 4
  -1 1548    -17.851     -8.712     -3.690 4
  -1   -2     14.407      4.671     -1.451 4
  -1   -2     18.880     16.253      8.107 4
  -1   -2     -8.915      9.604      3.363 4
  -1   -2     18.208     -3.016     20.181 4
 763  755    -15.612     -8.739     16.610 4
  -1   -2    -10.206    -16.551     19.933 4
  -1   -2      1.926    -11.243     16.402 4
  -1   -2      2.316     -8.434     15.463 4
 397  491    -14.280     -5.737     -7.014 4
  -1   -2     -9.354      4.673     -4.343 4
  -1   -2     11.916     13.362      9.216 4
  -1   -2     -2.832    -12.414    -13.576 4
 971 1674     23.894     17.867      2.423 4
  -1   -2      4.249    -10.563     14.456 4
  -1   -2     -1.641     -1.216     10.995 4
 782 1643    -22.858     -1.954      9.530 4
 664   -2     -6.617    -10.241     -5.097 4
  -1   -2     -9.338     15.806     17.834 4
1513  608     -9.711     10.024     14.402 4
  -1   -2    -21.667      5.574      0.247 4
  -1   -2     11.173     -8.522     -6.826 4
  -1   -2     -8.690     16.777      6.237 4
  -1   -2     -0.452      7.424     12.382 4
  -1   -2     19.168     15.626     14.578 4
  -1   -2      4.730      0.521     18.237 4
  -1   -2    -18.578    -16.404     -2.961 4
  -1   -2     21.127     13.394     15.532 4
 704   -2     15.284      4.166      7.842 4
 854  783      6.106     -5.231    -13.540 4
  -1   -2      8.743     -2.805     12.694 4
 924  733    -17.041    -10.805     14.388 4
  -1 1835    -19.328     -6.403     -3.703 4
  -1 1923    -22.618     -9.417     -7.907 4
  -1   -2     -3.194     11.387     17.573 4
  -1  690     -8.873     18.816      8.607 4
  -1  847     20.828     -7.290     17.136 4
  -1  731      8.362    -11.492      8.430 4
  -1   -2      4.310     -1.069     12.999 4
  -1  573      5.963      8.303     13.888 4
  -1   -2     -1.332    -10.042     15.945 4
  -1  640     17.682      4.881     -4.009 4
 722 1630     -6.342     16.316      5.829 4
  -1   -2     -1.462      2.344     -4.011 4
 741  825    -20.282      0.250    -11.019 4
  -1   -2     22.453     16.932     14.196 4
  -1   -2      2.814    -11.123      8.735 4
  -1   -2      8.517      9.453      6.083 4
  -1   -2     -8.078      9.982      8.914 4
  -1   -2    -16.325      3.333     -7.153 4
  -1   -2    -20.620      7.015     14.531 4
  -1   -2      3.829      4.699      2.576 4
  -1   -2     -9.549     -5.090    -15.521 4
  -1   -2    -10.213    -14.776     14.824 4
  -1   -2     10.397      2.801    -13.956 4
  -1   -2     -9.884      6.600     10.018 4
  -1   -2    -16.951     -0.445      4.568 4
  -1   -2     -9.865     -3.312     17.794 4
 647   -2     -4.372     -4.780    -14.495 4
  -1   -2     15.360      7.600     -2.082 4
  -1   -2    -22.457    -14.052     -7.393 4
  -1   -2     11.621     13.990      6.051 4
  -1   -2     -7.747     14.527     15.031 4
  -1   -2    -21.316      3.552      4.811 4
  -1  671     18.257     12.152     16.315 4
  -1   -2     -8.905     11.641      8.641 4
  -1   -2      0.480     11.782     18.572 4
  -1   -2     19.545    -10.714     -9.675 4
  -1   -2     -0.615    -13.588      7.126 4
  -1   -2     -1.092     -0.969      0.790 4
  -1   -2     25.751     18.100      6.083 4
  -1   -2     11.566     -9.971      5.327 4
 866 1660      5.428      6.969     -1.034 4
 615  935    -20.078     10.728     -3.360 4
  -1   -2    -10.523     18.361     15.088 4
  -1  668    -16.890     13.066     15.614 4
  -1   -2    -10.054      6.827     -5.915 4
  -1  761    -25.092      0.281      0.974 4
  -1  950      1.265     -5.829      9.519 4
  -1   -2      3.415     10.895     -4.860 4
  -1   -2    -12.459     -1.928     12.418 4
  -1   -2      3.961     -0.665      2.510 4
 839 1653     -1.416      6.812      4.674 4
 719 1628      4.788     -0.667    -14.376 4
  -1   -2      9.071     18.493     16.688 4
  -1  621     12.118     -0.754     13.249 4
  -1   -2      6.681     -1.485      6.072 4
  -1   -2      9.186     -3.874    -15.730 4
  -1   -2     -7.178     -0.269    -18.289 4
  -1   -2     13.844     -3.605     19.297 4
  -1   -2    -14.681      0.221     16.303 4
  -1   -2     -0.252     -8.220      8.665 4
  -1   -2     -9.643     -1.402     -0.356 4
  -1   -2     14.540      7.724     10.893 4
  -1   -2    -23.027     -6.423      7.624 4
  -1   -2     -2.784    -12.185      4.153 4
  -1   -2     -8.110      7.535    -15.492 4
  -1   -2     12.128     13.503     10.969 4
  -1  657    -16.631     15.232     18.554 4
 878  715     20.835     -3.856    -12.373 4
  -1   -2     24.488      6.422     -1.569 4
  -1   -2    -15.695     12.608      5.653 4
  -1  699    -18.161    -15.118      4.721 4
  -1   -2     21.318     -2.624     -7.671 4
  -1   -2     10.993      0.901     12.176 4
  -1   -2    -18.022     -6.265      2.333 4
  -1   -2     -0.882      6.281      6.860 4
  -1   -2    -20.618      4.864      6.257 4
  -1   -2     -7.135     11.582     19.015 4
  -1  683     17.081     -7.597     17.091 4
 852 1655    -18.928     -9.895    -19.786 4
 661 1613     14.764     -4.770      2.293 4
  -1   -2    -23.901      1.138     -5.695 4
  -1   -2     -2.244     10.573    -14.861 4
1570 1974     13.699    -15.952     18.977 4
  -1   -2     -3.722    -13.574      5.984 4
  -1   -2      0.717      0.626     -9.346 4
  -1   -2     -5.914     -2.016     17.005 4
  -1   -2     -6.979      9.524      1.224 4
  -1   -2     -4.785      6.324     -4.330 4
 849   -2     19.681      8.963      5.351 4
 983 1676      4.550     12.815     -2.025 4
  -1  775      4.637     12.614    -11.239 4
  -1   -2    -22.389      7.170     -8.060 4
  -1   -2     12.334      2.810     -1.319 4
  -1   -2     21.282      0.709      7.834 4
  -1   -2     -7.053     12.323     16.669 4
  -1   -2     11.389     -2.789    -19.096 4
  -1   -2    -18.062    -13.717    -11.638 4
  -1   -2    -15.516    -10.502     17.322 4
 694  885     14.679      2.315     -7.539 4
  -1 1645      9.631    -13.527      3.088 4
  -1   -2      4.814      5.929     -1.584 4
  -1  830    -25.047    -11.057      0.894 4
  -1   -2      1.323     -0.714      6.746 4
  -1 1671     -5.026     15.219     11.807 4
  -1   -2      4.420      5.071     -1.506 4
  -1   -2     22.387     -1.681    -11.936 4
  -1   -2    -23.419      9.650      1.976 4
  -1   -2    -13.203     11.732     16.527 4
 559 1572      7.293    -11.435      5.444 4
  -1   -2      0.010     -3.304      3.308 4
  -1   -2     -4.836      2.458     -0.731 4
  -1   -2      3.154     -4.712      7.877 4
  -1   -2     -1.476      5.714     12.997 4
  -1   -2    -20.791      7.149     10.989 4
 851 1654     12.598      4.784      7.105 4
  -1 1962     23.698     15.173     10.687 4
 833  246     -4.114      3.098     15.843 4
  -1   -2     12.882     12.643     15.133 4
 858 1657      0.734     11.528      4.945 4
 767  933     11.863     18.069     13.276 4
  -1   -2     15.477      2.121     19.767 4
  -1   -2     19.729      2.218     -6.168 4
  -1   -2     -6.091     -1.390     -8.595 4
 990 1678    -11.435      0.616     13.477 4
  -1 1021    -26.159     -5.096      1.752 4
 876   -2    -18.899      6.046      8.197 4
  -1   -2     -2.903      6.132      6.228 4
  -1   -2     -3.947      4.896      9.755 4
1459   -2    -12.323     -9.541    -17.380 4
  -1   -2    -19.021      4.432     18.113 4
  -1   -2     13.473     12.144      0.446 4
  -1   -2     14.017     -4.508    -13.066 4
  -1   -2      9.544     15.504     17.008 4
  -1   -2    -21.885     -1.599      4.221 4
  -1   -2      2.414      9.180     -6.019 4
  -1   -2     -3.517    -11.748    -10.254 4
  -1   -2     -4.489     -4.479     13.678 4
  -1   -2    -15.843     -0.510      4.850 4
  -1   -2    -17.311      3.019      9.641 4
  -1   -2      9.672      7.074     13.045 4
 385  902     21.150     -1.171      3.496 4
 819 1651    -19.232    -12.497     -3.005 4
  -1   -2    -16.219      2.832     20.035 4
  -1   -2    -17.212      9.130    -11.073 4
  -1   -2      0.985     -1.893    -10.877 4
 862 1659      6.028      5.088     -0.567 4
 925  937    -24.173     -6.932     -6.231 4
  -1   -2     13.679    -16.129      8.517 4
  -1   -2    -15.695    -16.076     15.159 4
  -1   -2     19.342      6.430     -0.827 4
 918  769      2.227      6.951      2.292 4
  -1  836     -3.512      8.057      7.815 4
  -1   -2      6.907      8.131     15.487 4
  -1   -2      4.147     11.841    -11.075 4
  -1   -2     12.428     -0.682     17.131 4
  -1   -2      3.627      8.745      2.669 4
 788  843      8.820     -5.064     14.784 4
  -1   -2      0.597      1.688     14.238 4
  -1   -2     -8.200     -6.840     14.825 4
  -1  271    -10.679     -7.566      5.790 4
  -1   -2     19.789     -5.025     -5.033 4
 826  905     16.886     19.735      5.519 4
  -1   -2     14.305     12.522    -10.401 4
  -1   -2    -13.377    -12.449     -9.864 4
  -1   -2     14.428     15.270     13.243 4
  -1   -2     14.330     -5.970     -4.399 4
  -1   -2     -8.507     16.818     16.259 4
  -1   -2     15.688     -6.295     -0.979 4
  -1   -2      8.420     -5.210    -11.283 4
 921 1670    -17.506      9.648     -0.123 4
1011 1680    -18.014      8.892      2.848 4
  -1   -2    -22.500     13.927      7.900 4
  -1   -2    -14.956     17.085     19.732 4
  -1   -2     -2.597     15.759      2.616 4
  -1   -2    -15.523     10.052     -3.388 4
  -1   -2    -18.271    -10.060     16.661 4
  -1   -2      5.503    -14.595      6.967 4
 886  811     11.586      8.842     -0.682 4
  -1   -2      8.458     -8.838     16.267 4
  -1   -2     -6.602      5.194     -2.722 4
 992 1679     -1.652     14.391     13.541 4
 958  875     11.599    -16.092      5.688 4
  -1   -2    -24.155     -5.281      1.057 4
  -1   -2      2.000      3.186     -0.945 4
  -1   -2     13.954     -9.953     -8.001 4
1611   -2    -17.047      7.276    -11.998 4
  -1   -2     23.173      6.904      2.426 4
 861 1658     14.998      0.924      0.894 4
  -1   -2     23.881     -9.847    -10.277 4
  -1  910    -22.837      8.790      2.242 4
  -1   -2     -8.836     -0.284     -1.688 4
 827 1652     -7.385     -1.420     -6.727 4
  -1   -2    -15.530      0.330      1.851 4
  -1   -2    -15.651     -2.898     15.632 4
  -1   -2     -9.120     -6.017      9.956 4
  -1   -2     -4.102      7.589      2.477 4
  -1   -2    -18.356     -7.815     -1.724 4
  -1   -2     -0.729      4.850      8.432 4
  -1   -2      5.368      9.551     -2.237 4
  -1   -2    -13.243      3.339     17.091 4
  -1  931     -3.655     -1.961     -0.779 4
  -1  765     11.602    -16.739      3.111 4
 815   -2      7.402     15.699     17.955 4
  -1   -2      9.179    -10.924    -20.067 4
  -1   -2    -12.812    -11.532     16.561 4
  -1   -2    -22.167     15.194      7.827 4
  -1   -2      9.172      0.165     -2.795 4
  -1   -2    -22.611      4.326     -1.719 4
  -1   -2    -15.290     -4.295     12.213 4
  -1   -2    -14.034     -3.816    -16.076 4
  -1   -2    -12.418     14.206      5.316 4
  -1   -2     19.959      6.875     -5.991 4
  -1  916     -2.896     -0.310     -6.086 4
  -1 1109      6.766    -12.109      2.234 4
  -1   -2      3.732     -7.502     19.814 4
  -1   -2      0.970    -14.916     19.156 4
  -1   -2     -4.195     12.620     -2.992 4
  -1   -2    -20.902     -0.733     -9.240 4
  -1   -2     -2.551      8.950     -4.047 4
 972 1014     13.233      0.524    -15.949 4
 873 1663      6.077    -11.859     -6.690 4
  -1   -2      1.966     -8.477      8.778 4
1015 1681     -4.938     10.302      5.683 4
  -1   -2    -12.346     16.428     14.106 4
  -1   -2     19.967    -11.173      2.444 4
  -1   -2    -14.509     -0.458     -4.202 4
  -1  686    -17.930     18.214      9.075 4
  -1   -2     12.095     -9.575     10.216 4
  -1   -2    -13.136     11.787    -14.527 4
  -1   -2     26.981      2.633      2.590 4
1030 1682     -7.045      0.941     -0.793 4
  -1   -2    -11.636    -14.519      5.643 4
  -1   -2     15.321     13.093      7.290 4
  -1   -2    -19.592     -5.905    -19.427 4
  -1   -2     10.952     -3.017     15.087 4
 939  814     15.291    -13.828     12.920 4
  -1   -2     21.385      0.537    -13.538 4
  -1   -2     11.135    -12.477      2.348 4
  -1   -2     16.758     11.966     14.507 4
  -1   -2     15.643     14.430     -1.802 4
  -1   -2     16.116     -2.409      5.608 4
  -1   -2     -5.846    -16.193     10.607 4
  -1   -2    -16.333    -14.721     10.579 4
  -1   -2     -5.523      9.089      8.822 4
1080 1685     23.229      0.077     -9.711 4
1044  898     26.751      0.385     -7.288 4
  -1   -2    -22.000     12.232      8.615 4
  -1   -2      1.260      8.899     12.100 4
  -1   -2     17.588     10.054      0.322 4
  -1   -2     10.227     -7.452      4.011 4
  -1   -2    -12.085    -13.284     15.066 4
 967 1673     18.448     -5.485    -11.421 4
  -1  974     16.094     16.338     -8.123 4
  -1   -2     17.142     10.094      2.048 4
  -1   -2    -16.773    -12.074     18.950 4
  -1   -2      8.641    -15.733     -1.033 4
 955 1672    -20.667     14.647      8.605 4
 985 1677     12.093      1.862      0.398 4
  -1   -2      9.430     -0.673     12.425 4
  -1   -2      8.464     -5.230      0.921 4
  -1   -2     21.032      7.704    -10.881 4
  -1   -2    -17.902     14.841     -5.816 4
  -1   -2    -19.881    -11.544     14.191 4
  -1   -2     20.442      2.447     -1.899 4
 859   -2    -21.902    -12.464      5.915 4
  -1   -2    -14.554      7.449     17.999 4
  -1   -2     15.345      4.491      4.395 4
 975 1675     10.695     13.209     15.702 4
  -1   -2    -11.758     11.832    -12.360 4
  -1   -2     23.931      2.137    -16.768 4
  -1   -2     19.459     -3.458      7.229 4
  -1   -2     12.470      6.436      3.163 4
  -1   -2    -19.140     -6.646     13.758 4
  -1   -2    -11.691     11.847     17.960 4
  -1   -2      1.781      6.346     -5.212 4
  -1   -2     10.624      5.923    -15.226 4
  -1   -2      4.983     11.182    -17.143 4
  -1   -2    -10.758      0.473    -18.028 4
  -1   -2     18.966    -15.136      7.775 4
  -1  392     -6.713     -6.428      2.353 4
  -1   -2     17.201      5.048     -7.508 4
  -1   -2      3.831     -7.686     16.496 4
 913  946    -10.497    -14.346      5.159 4
 382   -2    -22.529    -10.029     -5.559 4
  -1   -2    -17.703     11.932     -6.457 4
  -1   -2     11.924      7.924    -17.105 4
  -1   -2     25.898     -0.795     -2.113 4
  -1   -2      8.471    -11.696      6.662 4
  -1   -2     -3.715     12.556     14.036 4
  -1   -2      0.997     13.617    -16.040 4
1060 1684     10.913    -16.129     13.594 4
  -1   -2     22.387     13.535     -9.600 4
 406  266    -11.249     -2.176     -2.888 4
  -1   -2      1.819     12.224     16.757 4
  -1   -2    -14.540    -11.504     14.135 4
  -1  913      6.237    -15.186      8.598 4
  -1  840     20.589      4.473     -5.075 4
  -1   -2     17.740     15.435      6.991 4
  -1   -2     -9.519      1.444      0.950 4
  -1   -2    -21.546     12.027     -0.519 4
  -1   -2    -14.218     -9.779    -11.487 4
 942   -2      3.884    -15.412     14.408 4
  -1   -2     12.679    -15.244      3.449 4
  -1   -2    -14.795      3.926     12.931 4
  -1   -2      1.033     -1.382     17.106 4
  -1   -2     -0.342      1.202     -3.309 4
  -1   -2      0.412    -16.000     16.909 4
  -1   -2     17.213     16.339      5.933 4
  -1   -2     -4.587     -4.093     -7.206 4
  -1   -2      2.814     14.845      3.225 4
  -1   -2     18.245      1.179     13.765 4
  -1   -2    -18.730     11.048     -7.462 4
  -1   -2     -0.197     -2.785     -8.509 4
  -1   -2      8.729     11.843    -16.989 4
  -1   -2    -15.443     15.275      4.850 4
  -1   -2      2.843     13.136    -13.412 4
  -1   -2     18.428     10.119    -10.388 4
1043 1683     15.474     10.903     -1.101 4
  -1   -2     -0.047      3.981    -11.505 4
  -1   -2     -9.419     12.076    -10.153 4
1121 1015    -22.631     16.181      1.159 4
  -1   -2     14.001      0.261     -2.467 4
  -1   -2    -21.309     -5.002     12.763 4
  -1   -2    -22.825      7.357      8.776 4
 830   -2      1.487    -11.361    -10.444 4
  -1   -2     -5.636     14.189      1.865 4
  -1   -2     20.282      4.759     13.641 4
  -1   -2     13.635     13.843     10.889 4
  -1   -2     15.003     12.554     -5.379 4
  -1   -2    -23.199    -13.282     -5.248 4
  -1   -2    -18.441     14.430     19.902 4
  -1   -2     17.200      3.457     -1.181 4
  -1   -2      9.905    -15.543      5.624 4
  -1   -2    -10.210    -15.973     10.527 4
  -1   -2     -9.677    -10.533     -6.343 4
  -1   -2      4.856    -13.863     -2.856 4
  -1   -2     18.654      9.775    -20.003 4
  -1   -2      2.145      7.732      9.542 4
  -1   -2     13.740    -15.468      0.756 4
  -1  926     -4.032      8.698     14.478 4
  -1   -2     15.312     -0.271     12.056 4
  -1   -2    -23.360     13.909      8.596 4
  -1   -2     15.391     18.299     16.273 4
  -1   -2      7.122     17.505     13.347 4
  -1   -2    -23.506    -12.779      5.225 4
  -1   -2     -5.513     14.540     -2.771 4
 393   -2     -4.116     16.793      5.852 4
  -1   -2     -3.446    -10.695    -11.543 4
  -1   -2    -19.750     13.118      1.360 4
  -1   -2    -18.961     12.388     -4.548 4
  -1   -2    -24.532      1.590      2.268 4
  -1   -2     20.119     11.228     -9.485 4
  -1   -2     17.612      5.071     -3.223 4
  -1   -2    -14.624     -5.970    -19.876 4
  -1   -2      5.160     -8.722      0.424 4
  -1   -2    -22.819     -5.114     -5.692 4
  -1   -2     12.545     15.949     15.509 4
  -1   -2      7.752      6.499     -4.807 4
  -1   -2     15.287     15.295     -0.269 4
  -1   -2      1.249     18.103     17.593 4
  -1   -2     -6.572    -10.405      7.811 4
  -1   -2     20.023     12.193     13.276 4
  -1   -2    -12.705     -8.948    -16.722 4
 755 1115     11.652      9.472      3.473 4
  -1   -2      2.944      5.977     18.464 4
  -1   -2    -25.426     16.189      3.335 4
  -1   -2     10.243      5.237    -17.656 4
  -1   -2      0.497    -11.737     18.640 4
  -1   -2     -8.700     14.457      6.886 4
  -1   -2    -23.179     18.977      3.237 4
  -1   -2     -1.015      1.954    -13.066 4
  -1   -2    -15.438     11.357    -14.542 4
  -1   -2    -11.567      1.955     16.605 4
  -1   -2     -0.036     -7.555    -10.659 4
  -1   -2     16.709     -9.210     -5.822 4
  -1   -2    -11.056     -3.943     -5.991 4
  -1   -2     -2.160     16.653     15.630 4
  -1   -2     14.564     12.731      6.765 4
  -1   -2     -6.459     15.365     19.038 4
  -1   -2     -1.163      9.301     -8.419 4
  -1   -2    -21.247     14.930      1.947 4
  -1   -2     17.471      9.059    -16.720 4
  -1   -2     -3.158      6.287     -3.696 4
  -1   -2      1.120     15.349     -5.950 4
  -1   -2      4.202     10.619      7.237 4
  -1   -2    -19.644     11.416     -3.075 4
  -1   -2    -24.746    -10.649     -2.808 4
  -1   -2      7.507      8.515      4.183 4
  -1   -2    -19.401     -7.913     16.931 4
  -1   -2     16.707     -3.567      4.658 4
  -1   -2    -25.844     -7.041     -0.050 4
  -1   -2     -7.618      9.821     -6.234 4
  -1   -2      3.345     -8.545     18.635 4
  -1   -2    -21.655     -8.406      1.085 4
  -1   -2     17.223      9.232      7.066 4
  -1   -2    -22.322     18.067      4.160 4
1142 1686     -9.606    -15.675      3.266 4
  -1   -2    -14.445     -8.662    -19.735 4
  -1   -2     22.426    -11.801      0.534 4
  -1   -2     10.761    -14.986     18.981 4
  -1   -2     24.896    -11.263      7.975 4
  -1   -2    -19.134     -4.490     -7.034 4
1162 1688     24.622    -12.493      3.116 4
  -1 1156      3.497    -16.486     18.562 4
  -1   -2     -1.009    -17.363     15.575 4
  -1 1933     23.526     -6.112     -1.940 4
  -1   -2     26.226    -11.672     13.306 4
  -1   -2    -17.443    -18.915     18.929 4
  -1 1690     19.645    -14.109      8.276 4
  -1 1165     21.695     -4.743     18.525 4
  -1   -2     -4.697    -15.218     18.348 4
  -1   -2     -9.531    -11.824     18.498 4
  -1   -2      0.684     -7.534     -6.189 4
1170 1689     25.995    -11.442      3.146 4
  -1   -2     19.539    -13.314     16.644 4
1159 1687     19.131    -18.201     14.492 4
  -1   -2      5.847    -15.473      4.861 4
  -1 1160    -15.059    -10.623    -16.843 4
  -1   -2     26.698      3.893      9.555 4
  -1   -2    -16.857    -19.556     17.318 4
  -1   -2     15.967    -18.244     14.043 4
  -1   -2     13.801    -14.720     11.648 4
1183 1691     16.775    -12.998      0.467 4
  -1   -2     21.143     19.062      9.452 4
  -1   -2     -4.926     -0.707     13.571 4
1189   -2     27.389     -8.640     18.139 4
  -1   -2    -18.362    -20.023     17.172 4
1620   -2    -18.682    -18.915     18.771 4
  -1 1173      2.715     19.316     17.787 4
  -1   -2     26.923    -11.840     17.426 4
  -1   -2     16.351     -9.127     18.104 4
  -1   -2    -12.884    -18.771     20.062 4
  -1   -2     23.746    -13.518      4.136 4
  -1   -2     -0.469    -11.698     10.966 4
  -1 1162      6.091    -16.244     15.733 4
  -1   -2     12.373    -18.717     17.116 4
  -1   -2    -10.907    -16.620     19.734 4
1196   -2      6.709     -7.779     12.264 2
  -1   -2    -20.836     -4.615      9.423 2
1199 1695    -20.810     -4.572      9.456 2
   5   -2     16.207      9.464     15.347 2
  22   -2     14.603     15.874     13.172 2
1244   -2     -7.458    -15.584     11.229 2
1208 1702     20.654      7.230     15.743 2
1206 1700     12.617      8.029     10.631 2
  33 1230     22.154     14.158      9.910 2
1210   -2     10.535     15.099     17.803 2
1202 1208     17.085     -7.808     14.690 2
  -1   27     11.207     -3.285      9.609 2
  18   -2     11.226     -3.297      9.649 2
  12   -2     12.618     15.007     13.695 2
1214 1708     18.510     -4.285     15.729 2
  46 1723     15.657      9.027      9.485 2
1211 1989     18.352     -6.141     14.797 2
1221   -2    -13.237     -9.728      9.899 2
1227 1720     15.499     11.521     11.396 2
1209 1703     11.928      8.163     13.455 2
1218   -2      1.991     -1.556     17.336 2
1207 1701      9.444     -7.352     15.531 2
  11   -2    -18.745    -10.158     18.867 2
  -1 1710     10.786    -14.721     17.831 2
  47 1766     21.211     10.224      5.928 2
1223   -2     22.051      9.377      6.041 2
   3   -2     17.449      7.394     10.121 2
1231 1724     11.918     -0.940      4.123 2
1212   -2      0.093     13.853     18.937 2
1246   -2     17.387      9.496     19.514 2
1237 1731    -24.222     -5.487      4.083 2
1203   -2     11.732     -9.140     11.618 2
  -1   -2      3.233     -5.110     14.454 2
1225 1718      3.240     -5.089     14.482 2
 513   -2     13.959     10.721     16.852 2
1229   -2     23.594      2.062      4.629 2
  28 1737    -25.866     -0.209      1.209 2
1266 1759      8.772     -5.612     16.633 2
1242 1736      4.002     11.753     19.380 2
1197 1693    -14.200     -3.459      0.036 2
1233 1727      5.220    -15.408     10.517 2
1228 1721     17.422     -8.991     17.591 2
  29   -2     19.888      5.106     17.139 2
  -1 1726     13.361     -9.432     10.200 2
  -1   -2    -20.945     -2.066    -13.168 2
1241 1735     11.862      6.332     19.445 2
  -1   -2    -16.818      7.108      6.693 2
  27 1713     21.579      8.759     11.395 2
1257 1749    -23.932      4.344      4.536 2
 137 1938    -17.633      1.102     10.358 2
1537 1957     18.659     13.970     16.488 2
1235   -2      8.276     13.245     12.593 2
  -1   68    -16.491     -4.015      4.956 2
  59   -2    -16.394     -4.018      5.119 2
1226 1719      8.654     12.736     16.343 2
  50   -2     18.516     -8.015     11.742 2
 111   -2      7.773     13.123     11.810 2
1259 1752     12.817     -8.572     16.994 2
  -1   -2      1.786      7.140     12.389 2
  72   -2    -21.424     -3.246      2.384 2
1249 1742    -19.685     -7.494      6.750 2
  80   -2     18.937      6.712     11.196 2
 118   -2     19.814      9.573      1.691 2
 249 1406    -12.067     -9.824      9.069 2
1376 1854    -24.460     -2.582     -1.814 2
 149 1330      6.911      0.620      6.322 2
  58   -2      9.440     12.941     18.817 2
  -1   -2    -23.830     -2.998      3.243 2
 108 1730     10.251     11.838     11.404 2
   4   -2     -4.357    -12.707     -6.655 2
1216   -2      7.534     11.373     15.893 2
1261 1754    -25.893      3.952      0.795 2
1248 1741      9.864      5.720     13.153 2
1253   -2     11.289      6.687     11.251 2
1268 1761     10.983    -10.959     14.448 2
 107 1733    -21.771     -5.138      3.568 2
  93 1282     12.738     -4.321      7.672 2
1245 1739      8.315     -9.862     17.302 2
  69   -2      3.857     13.316     17.349 2
1250 1743    -20.077     -8.603      9.805 2
1324 1809    -20.849      3.292      8.352 2
  61 1758     14.068      6.699      9.481 2
1305   -2    -23.712      3.731     -0.895 2
1303 1991     22.733     -6.293      7.358 2
1273 1765     12.480      6.989     13.808 2
1313   -2     11.554     -7.245     15.536 2
1304   -2     18.801      7.117     14.629 2
1505   37      8.986      8.944     12.862 2
  -1 1781     -1.794      7.919     15.625 2
1297   -2     -1.794      7.919     15.625 2
1287 1776      9.833     -9.307     15.961 2
 523   -2     -0.094     -6.644     19.236 2
1293  254    -14.954     -9.321     12.679 2
1272 1764    -18.689     -7.298      7.047 2
  63   -2    -23.357     -3.545     -0.147 2
  -1   -2      5.318     17.219      9.180 2
  95 1283    -10.279      4.179     10.523 2
 124 1767      8.275     17.240     12.238 2
  84   -2    -18.030     -8.361      0.662 2
 100   -2     22.044     10.400      9.791 2
1277 1768      5.465      9.352     14.868 2
  91   -2    -24.027     -9.312      2.462 2
  -1   -2      4.570      1.388     15.202 2
1285 1773      7.849    -10.266     19.254 2
 222   -2     18.310      1.838      8.092 2
1286 1775     -6.936      2.945      5.896 2
1289 1778      3.389     11.188     12.408 2
1319   -2    -17.370    -13.248      6.970 2
  -1 1815      3.133      3.935     14.242 2
1334   -2      3.110      3.958     14.204 2
  -1   -2      3.745      5.144      0.729 2
1256   -2     21.916     11.319      6.014 2
  -1 1772      1.665     11.200     11.765 2
1326 1810    -14.964      2.386      6.994 2
  -1   -2    -13.402      1.325      3.593 2
1355 1834    -13.402      1.325      3.593 2
 175   -2      6.644      0.018     13.070 2
1329   -2      0.489    -13.984      9.100 2
 542   -2      1.294     -9.171      3.953 2
  -1 1843    -20.184     -9.529     10.769 2
 206 2001      8.594      4.115      8.459 2
1291  226     12.987      4.760      7.757 2
  -1   -2    -20.813     -1.306      9.454 2
1338 1819    -20.813     -1.306      9.454 2
 224   -2     20.797    -10.417      9.381 2
1350 1996     10.554     -9.133      7.278 2
1301 1784     22.592     -5.070      7.833 2
 218 1747     12.110     13.490     11.038 2
  -1 1802     17.065      5.778      8.478 2
  -1   -2    -16.861     -7.103      9.303 2
 184   -2      1.235     -1.396      4.777 2
1309   -2      9.404     18.220     19.708 2
 275 1867      4.882     15.807     12.627 2
 133  167     10.578      1.845     10.319 2
  -1   -2    -12.686     12.359     19.246 2
1323 1808      0.883      5.707     11.738 2
 203 1769     17.132     -2.620     12.580 2
1375   -2     12.861     -1.155      7.438 2
1270   -2      1.287      7.766     13.796 2
1330 1812    -23.207    -12.097      7.808 2
1387 1358    -10.269      7.647      6.763 2
 122 1806     23.618     -0.035      7.907 2
  -1   -2      2.043      0.706     18.710 2
 202 1816    -23.976     -7.211      5.193 2
1365 1841     -2.372      5.036      4.252 2
  -1 1389      1.393      9.088     -9.096 2
  -1 1797      5.627     -0.086     11.584 2
  -1   -2      5.627     -0.086     11.584 2
  -1 1347     -7.769      3.872      4.322 2
1356  206      1.614     10.793      1.902 2
 128 1313    -10.039     -0.807     14.874 2
  -1 1805    -19.522    -10.567      5.722 2
1344   -2    -15.158     -3.820      0.888 2
  -1   -2     -5.557    -10.088     11.414 2
 129   -2      9.586      5.982     15.973 2
 179   -2    -21.685     -4.790      5.397 2
  -1   -2    -17.987     -2.173     15.859 2
 102 1803      4.017     -9.643     15.167 2
  90   -2     13.204     13.999     15.527 2
1331 1813      5.317     -9.038     15.623 2
 214 1825    -16.190     -3.970      1.580 2
 624 2002      3.300     10.153     11.736 2
1358 1836      2.511      0.582     15.254 2
1363 1840      0.447      6.807     18.215 2
 176 1352     -5.350     -0.699      0.138 2
1389 1864      2.207     17.250     15.155 2
 210 1851     15.104     15.953     17.074 2
  -1 1303     -0.883      8.142     12.533 2
  -1 1995     -6.412      2.323     19.338 2
 221   -2      0.291     16.944     15.225 2
1397   -2      6.007     15.947     13.298 2
1384 1862     14.050     16.954     16.894 2
1383 1861    -15.641      5.930     19.020 2
 289 1433     13.254    -14.521     15.669 2
1328 1811      0.426     12.493     11.850 2
1377   -2     25.891      1.995      2.898 2
  -1 1859    -17.710    -11.369      4.745 2
1340 1820     13.133     -4.783     11.798 2
 261 1912    -11.398     14.888     10.715 2
 293 1436     16.195      4.066      5.326 2
1418 1883    -11.873     -9.573     -1.116 2
  -1 1829    -20.106    -10.767      9.725 2
 180 1354     -6.020      2.812      6.973 2
  -1 1870      3.490     11.909     11.264 2
1400   -2      3.481     11.925     11.259 2
 252 1953      0.662     10.374     12.259 2
1426 1889      4.714      5.144     -4.706 2
 191   -2    -22.313     -8.828      2.078 2
 169 1762     20.643     11.152      3.796 2
 192 1363    -14.190    -15.039      8.804 2
1370 1848    -14.432    -12.585      5.257 2
1353 1831      5.406      1.448     18.213 2
  -1 1890     -0.060     15.417     13.631 2
1429   -2     -0.060     15.417     13.631 2
1348   -2    -16.333     -0.658     -0.571 2
 662   -2      3.604      6.439      9.622 2
 197   -2     24.182      2.776      3.730 2
  -1   -2    -17.788    -11.726     14.545 2
  -1 1997     -6.641     -6.944      6.725 2
1347 1823      3.521      7.360    -19.462 2
 277 2003    -11.310     11.187      5.643 2
1577   -2      9.770     13.116      8.311 2
 347   -2    -10.750     13.110      9.625 2
 321 1837      7.985     -2.631     18.696 2
1368   -2    -14.598      4.777     15.256 2
  -1   -2    -23.096    -13.569      4.825 2
1379 1857      0.258     10.242     14.081 2
 121   -2    -16.318     -3.565      5.949 2
1398   -2     22.625      0.383      3.060 2
1382   -2      0.320     11.255     17.634 2
 230   -2     -3.361      5.476     10.074 2
1371 1849     15.051     10.279     19.361 2
  -1 1874      2.576     14.679     10.622 2
 196   -2    -11.317      2.109     15.745 2
1295 1780     10.656      4.302      7.141 2
  -1   -2     -8.955      9.085      2.886 2
1393   -2     -8.927      9.089      2.961 2
1322 1807      4.195     15.648      9.684 2
1357   -2    -19.328     -6.403     -3.703 2
1573   -2     -4.765     17.729     15.027 2
1409 1877    -13.936     -7.180      1.383 2
1550   -2      4.010     -6.170     -9.683 2
1424 1887     23.193      5.307      0.824 2
1414   -2     -7.066    -14.906      6.670 2
1417  893     15.791     11.996      4.124 2
 274 1425     19.306      6.420     -0.812 2
  -1   -2     -5.635      9.288     16.788 2
 679 1619      0.539     -8.134     18.114 2
1402 1449     10.745      2.834      2.504 2
1404   -2     -0.904      6.274      6.920 2
1401   -2     24.633     -2.483      4.644 2
 483 1896    -16.815      3.459      8.194 2
1307   -2     13.008     10.713      2.778 2
1406   -2     22.756      5.046      3.257 2
1391 1865     -9.275     -4.408      1.847 2
  -1 1879     -4.662     14.808     15.576 2
1412   -2     -4.664     14.821     15.585 2
1428 1479     21.580     -7.881      7.373 2
  -1   -2    -10.353      6.240     -0.736 2
  -1   -2     -9.474      1.449      1.034 2
1423 1886     -9.488      1.443      1.084 2
 353 1473     16.649      1.412      3.730 2
1436   -2     -7.958     16.855     14.140 2
 340   -2    -12.567      7.230      5.336 2
  -1 1998     26.410     -1.336     -0.173 2
  -1   -2     -5.656     11.943      2.304 2
 359 1476      3.579     11.476    -15.107 2
 287 1846    -25.098     -6.486     -1.527 2
 308 1444    -10.267    -12.187     10.851 2
  -1   -2    -19.550     11.124      1.083 2
 328  135    -24.105     -2.468     -1.849 2
 350 1471    -10.499    -12.948      4.505 2
1411 1878    -20.492      7.184      4.244 2
  -1 1899    -11.476     -6.034      1.572 2
1444 1901    -20.610      9.023      5.755 2
  -1   -2     -6.809     16.907     15.982 2
 311 1447      5.520     -4.769     -1.756 2
1439 1895    -14.644      9.215     -0.839 2
  -1 1892     12.889      7.465      3.274 2
1433   -2     12.875      7.477      3.252 2
1415  342     13.116     13.324      1.654 2
1612 1988    -17.155      9.224    -11.352 2
 355 2004    -10.078    -13.760      9.562 2
 651  378     -9.735     -1.400     -0.066 2
 721   -2    -11.534     11.237      2.691 2
 387  372     -3.069     16.939      8.533 2
 381 1486     -6.639      5.184     -2.648 2
  -1   -2    -25.416     11.209      3.513 2
  -1   -2     -9.648    -14.008      3.012 2
  -1   -2     -9.725    -13.779      1.846 2
1435   -2    -23.893     10.569      4.867 2
 416 1496     15.612      6.536      6.925 2
1447 1902     13.003    -13.161     11.303 2
 460 1932      9.660    -15.192      7.076 2
 517 1907     16.814    -12.826      5.954 2
1451   -2    -17.851     -8.712     -3.690 2
 499   -2     -5.943    -13.247     10.990 2
1457   -2    -14.292     -3.705      1.710 2
 465 1529     21.692     14.357      9.023 2
1263   -2    -14.128    -11.642     11.930 2
 463 2005    -11.908     -3.161     16.320 2
1448   -2    -21.243     -9.646      6.877 2
 451 1519      2.635     -2.329     -6.345 2
1450   -2     -6.792    -13.390      7.739 2
 428   -2     -1.059    -16.051     12.872 2
 478   -2      9.133    -11.545     16.301 2
1465   -2     -9.648     11.438     14.361 2
1452 1904    -12.529    -13.820     12.345 2
 477   -2      4.787     -8.778      9.995 2
1482   -2      4.420      5.071     -1.506 2
1490   -2    -22.529      7.170     -7.658 2
1484   -2    -22.681     -9.456     -8.067 2
 424   -2     -3.722     -3.040      6.864 2
 456 1922    -24.501     -4.214      3.129 2
 459   -2      1.746     -6.205     11.637 2
 421 1500     20.595    -11.504    -12.614 2
 653 1044      1.280      1.266      9.728 2
1472   -2     -8.498    -14.124     15.213 2
 511 1553     -9.069    -15.810     11.241 2
1488 1926      2.052      6.162     18.768 2
1458   -2    -15.633     15.268     18.979 2
1470   -2      0.707    -13.044     10.247 2
  -1   -2      2.669     -6.466     10.569 2
 556   -2     -8.824     10.572     12.413 2
1453   -2    -14.317     -0.133     -7.037 2
1545 1963     -9.423     -8.541     12.594 2
 431 1507    -19.490     -2.993      2.960 2
1521  788     13.867    -10.460     -0.516 2
 485 1944    -12.864     12.682      8.612 2
1479   -2    -16.769     13.488     15.938 2
1469 1913     21.438     -7.578     12.963 2
 468 1917     -0.697    -14.451     12.697 2
 452 1916     26.723     -0.130      4.585 2
1460   -2     -5.944    -12.569      7.190 2
1494 1930    -11.560      9.937     12.077 2
1486   -2      0.731    -15.674     16.912 2
 420 1499      1.490     10.184     16.326 2
1538   -2     -4.468    -12.451      5.492 2
 761 1639    -19.217      9.601     11.432 2
 471   -2    -17.835     11.075     13.395 2
 779   -2     23.698     15.173     10.687 2
 437 1510     -6.827      8.535      0.766 2
 628 1952      5.572    -14.590      7.142 2
  -1  472     -0.267     -6.660     15.143 2
 450   -2     20.247      3.779     10.019 2
 479   -2     -2.667    -12.233     13.941 2
 475 2006    -14.469    -13.133     -2.709 2
 482  644     20.157      7.112     13.959 2
1498   -2     23.526     -6.112     -1.940 2
1522   -2      7.880     -6.767    -11.420 2
 457 1524     16.206      1.927     -5.678 2
1515 1943    -16.324     11.785     13.595 2
1491   -2     23.415      5.598      8.953 2
 489   -2     -6.228     11.436      8.172 2
 466 1947      3.053    -17.432     14.142 2
1476   -2     -5.179    -14.367      9.132 2
 533   -2      9.479      6.168     17.668 2
 526   -2     -3.687     12.736      5.446 2
1504 1936    -13.964      6.194     10.578 2
 538   -2     11.265     -6.800      4.949 2
1416 1882     -9.560     11.058      3.532 2
1495 1931     13.858    -14.322     10.253 2
  -1   -2    -20.218      9.292      8.484 2
 524   -2     -4.842     -2.473      5.552 2
1582 1980     -8.824     11.667      8.801 2
 455 1909     25.742     12.513      5.728 2
1290   -2     16.140      5.008    -11.724 2
1523   -2    -17.524      8.875     19.349 2
1546   -2     18.627     -5.078     16.673 2
 545   -2      8.795    -11.751      7.953 2
 495 1547      8.967     -3.176     10.397 2
 550 1567     -5.989    -15.194     16.866 2
 500   -2     -2.308    -15.818      9.068 2
 582   -2     18.809     -1.586     19.898 2
1493 1929     -9.165      9.284     11.533 2
 438   -2    -12.272      5.816      8.362 2
 600   -2    -12.422     -1.874     12.467 2
 553 1956    -18.114      4.236      1.697 2
1527 1949      7.251     -0.301      8.259 2
1509 1941     -0.196    -12.942      8.858 2
1487   -2     -2.649    -15.143     17.993 2
1547 1965    -14.591      0.246     16.444 2
 512   -2      2.848    -16.897     14.413 2
 589 1927    -11.709      0.175     12.208 2
1530   -2    -10.606      5.315     -8.880 2
1534   -2     21.586      8.461     16.675 2
 561   -2      8.171     -5.664     11.722 2
 554 2007     22.046     -0.816     -7.485 2
 602   -2     26.545     -1.791      3.341 2
1503 1935    -11.842     -2.945      6.585 2
 491   -2     -8.334    -16.168     13.937 2
 506   -2      2.901     14.668     -4.983 2
 555  449     -6.188     -7.506     16.003 2
1502   -2    -16.195      1.552     17.807 2
1378 1856    -20.000     -3.777     -4.381 2
1567 1972      5.285     -9.013      6.329 2
 660   -2    -16.839     -0.441    -19.548 2
 639 1606     17.758    -12.000     -0.916 2
1569 1973      4.077     18.958     15.021 2
 514   -2    -18.611     -5.807     17.147 2
 678 1618      6.102     -1.278      7.340 2
 592   -2    -17.781     -4.293     -0.470 2
 687 1942      0.563     -2.970      1.730 2
 648 1609     13.185     14.145     14.372 2
1551   -2     20.505      3.553     -2.249 2
1528   -2     12.165     -7.445      6.595 2
1542 1960    -19.783    -11.888     13.032 2
 586  504     -5.873      1.658      5.901 2
1529   -2     -4.499     -8.164     -2.240 2
1552   -2     17.614      4.860     -4.007 2
 576 1580    -13.820     -6.377    -16.030 2
 474   -2    -14.559     10.680    -12.273 2
  -1   -2    -17.567    -13.381     15.160 2
1535 1955     -7.021    -10.712     15.411 2
 557   -2    -10.865    -14.842      9.018 2
1531 1951     12.388     -3.689      5.074 2
1311   -2     -7.507     -9.609      6.868 2
  41   -2     13.060     11.274     19.553 2
 585   -2     -3.865     10.185      8.343 2
 641   -2      8.921    -14.164      8.207 2
 560 1573     -4.180      8.991      9.152 2
 797   -2      9.631    -13.527      3.088 2
1584   -2    -22.998    -14.252      4.981 2
 803 1888    -17.287     -0.505     -1.091 2
 843   -2     19.824     -5.035     -4.977 2
1562   -2     22.313      7.652     -7.806 2
 565   -2     12.715     16.791     13.773 2
 315   -2    -19.142     -0.230      3.428 2
1595 2008     -8.291     -5.566     11.774 2
 501 1551     19.323     16.086     13.322 2
1549 1966    -25.798      0.716     -0.796 2
  -1   -2     10.318      2.802    -13.747 2
 733 2009     13.374    -10.033     19.167 2
1541 1959     24.244      5.266      9.981 2
 695   -2     18.404      6.116      5.065 2
 599 1589    -14.833     -5.041     19.020 2
  -1 1875    -20.209    -10.260      1.599 2
 267   -2    -16.669     15.248     18.447 2
 773   -2     16.900     17.661     15.874 2
1480 1921     -6.075    -14.480     14.843 2
 753 1976     22.453     16.932     14.196 2
  -1   -2      4.455     -2.704      5.837 2
 627 1600      8.311     17.610      9.851 2
1586 1981      6.541    -13.815      1.837 2
  -1   -2      0.898     12.697      7.600 2
 853  358      3.931      5.475      0.332 2
1568   -2     -7.242    -14.169     -9.026 2
 699   -2    -15.999     -8.655     17.117 2
1587 1982      3.800      4.692      2.642 2
 804 1979     -7.867    -10.448      0.123 2
 688 1622     -2.784    -12.185      4.153 2
 706 1625    -18.578    -16.404     -2.961 2
 746 2010     13.669      4.200     19.805 2
1556  884     20.511     17.335     10.193 2
1500   -2      9.905    -15.543      5.624 2
  -1  150    -20.852     -7.162      4.985 2
 720   -2      4.196      4.671      6.107 2
1576   -2    -15.695     12.608      5.653 2
 547  735     20.631     12.876     11.442 2
 604  334     -9.467     -5.004    -15.232 2
 814   -2      1.334     -9.278      5.509 2
 935   -2     -5.026     15.219     11.807 2
 730 1984     23.853     -9.814    -10.344 2
 863   -2     17.311    -14.584     17.040 2
 802   -2    -13.609     13.573     12.222 2
1600 1987    -24.136    -13.572      4.721 2
1580 1478     18.855     12.515      1.474 2
  -1  944     13.658    -16.166      8.492 2
 823   -2     17.018     -7.586     17.099 2
 880   -2     19.888      6.826     -6.014 2
 884   -2     22.404     -1.621    -12.125 2
 327 1458     -4.061      2.795      1.825 2
  -1 1482     13.475      4.535      7.004 2
1596 1634    -20.027     -9.771    -12.862 2
1592   -2     16.617     16.210     19.820 2
 864   -2    -12.483    -13.454      9.099 2
 354   -2      0.240     10.695     -4.441 2
 914 2011     25.968     -0.781     -1.917 2
1608 1483      0.558     11.831     18.547 2
 793 1644     10.952     -3.017     15.087 2
1591 1985     -1.332    -10.042     15.945 2
 380 1485      5.699     11.881      7.948 2
1579 1978      9.071     18.493     16.688 2
1021   -2     -7.547     -2.451    -15.020 2
1131   -2    -20.580      7.066     14.674 2
1086   -2    -19.279     -7.898     17.202 2
 889 1666     24.748     18.704      1.507 2
1109   -2     14.073      0.274     -2.292 2
1617   -2     25.763    -10.446     10.783 2
1619   -2     19.539    -13.314     16.644 2
1177   -2     19.645    -14.109      8.276 2
1621   -2    -17.443    -18.915     18.929 2
 445  413      2.611     -6.496     10.448 2
 449   -2    -19.231     -5.272     -0.910 2
 603  611      4.407     -2.737      5.744 2
 771  834     10.397      2.801    -13.956 2
1292  656    -15.259      1.720      7.882 2
1296  452      6.261     -5.707     19.647 2
1299   -2     16.307     16.669     19.100 2
1339   -2     11.248     -6.795      4.914 2
1392 2012     -6.601      8.291      3.881 2
1395   -2     -4.090     -6.805      2.638 2
1410 2013     15.529      4.487      2.153 2
1485   -2      5.385    -14.047     15.007 2
1514   -2      9.797      7.076     12.749 2
1524   -2      4.943    -15.726     11.843 2
1566 2014     10.359     -1.742     11.947 2
1601 2015     11.908     18.098     13.154 2
1603  982     23.899    -13.523      3.841 2
1604   -2     11.692    -16.094      5.946 2
