1622
  -1   -2     -7.475    -15.558     11.303 4
  -1   -2      6.717     -7.819     12.280 4
  -1   -2     20.624      7.236     15.738 4
  -1 1193     17.437      7.377     10.118 4
  74 1236     -4.367    -12.703     -6.623 4
  -1 1170     16.206      9.450     15.346 4
  -1    6     13.036     -3.270     12.361 4
   1   -2    -20.779     -4.602      9.488 4
  -1   -2     12.611      8.029     10.576 4
  -1   70     11.139      1.152    -10.647 4
  -1    8     16.995     -7.841     14.583 4
  -1 1189    -18.763    -10.144     18.866 4
  -1 1180     12.636     15.012     13.711 4
  -1   -2     18.504     -4.289     15.746 4
  -1   -2      2.002     -1.567     17.371 4
  -1    7      9.403     -7.406     15.504 4
  -1   14     18.282     -6.179     14.695 4
  -1   -2      8.310     13.256     12.590 4
  11 1179     11.182     -3.330      9.615 4
  -1   -2      8.759     -5.633     16.647 4
  -1   -2     22.036      9.365      6.054 4
  -1   -2     10.550     15.088     17.795 4
  -1 1171     14.616     15.876     13.190 4
  -1   -2     11.960     -0.952      4.232 4
  -1   40    -19.851      0.018      5.055 4
  16   -2    -13.148     -9.730      9.939 4
  -1   -2     11.873      6.324     19.451 4
  -1 1214     21.570      8.753     11.393 4
  -1 1203    -25.807     -0.209      1.175 4
  -1 1209     19.886      5.105     17.137 4
  -1   34     19.303     10.098     16.093 4
  -1   27     18.410      7.364     11.784 4
  -1   -2     11.914      8.157     13.356 4
   8 1175     22.109     14.145      9.959 4
  -1   -2      4.011     11.727     19.332 4
  -1   -2    -24.186     -5.482      4.082 4
  -1   -2     18.792      7.110     14.610 4
  -1   -2     17.389      9.494     19.515 4
  34   -2      3.210     -5.148     14.466 4
  -1   48     13.299     -9.463     10.143 4
  32   38     13.700      9.776     20.093 4
 658 1564     13.075     11.261     19.535 4
  -1   -2      5.176    -15.480     10.578 4
  -1   -2     11.673     -9.190     11.550 4
  -1   60     12.754     -8.608     16.954 4
  -1   -2     12.980      4.778      7.734 4
  -1 1182     15.655      9.014      9.482 4
  -1 1191     21.197     10.223      5.938 4
  -1   -2    -17.489      8.345     15.176 4
  -1   -2     -7.077    -14.894      6.681 4
  59 1222     18.462     -8.046     11.704 4
  -1   45      3.596     -3.991     12.512 4
  -1   28     10.694    -14.769     17.688 4
  -1   -2      7.545     11.359     15.874 4
  -1   -2     15.510     11.506     11.401 4
  -1   -2    -19.986     -8.593      9.771 4
  -1   -2      0.115     13.839     18.914 4
  -1   94     22.646     -6.310      7.232 4
  -1 1233      9.451     12.924     18.817 4
  57 1220    -16.417     -4.009      5.019 4
  -1   -2     23.585      2.048      4.602 4
  -1 1248     14.056      6.689      9.467 4
  -1  158    -23.741     -2.950      3.363 4
  -1 1261    -23.307     -3.547     -0.146 4
  -1   72      3.154    -10.256      9.720 4
  -1   64     10.917    -11.014     14.377 4
  -1   -2      9.770     -9.358     15.911 4
  -1   -2     11.257      6.675     11.187 4
  69  137     -7.190     -8.803     11.777 4
  -1 1245      3.874     13.293     17.342 4
  -1   -2     -9.188      9.276     11.424 4
  -1   -2      9.863      5.706     13.137 4
  -1 1226    -21.358     -3.248      2.356 4
  -1   -2    -25.837      3.957      0.771 4
 100   -2      9.019      8.920     12.862 4
  -1   -2     -9.182    -12.103      4.217 4
  -1   -2    -18.621     -7.295      7.098 4
  -1   43     18.575     13.998     16.634 4
  -1   -2    -23.651      3.738     -0.904 4
  -1   -2    -24.388     -2.576     -1.776 4
  -1 1228     18.927      6.695     11.190 4
  -1   35      0.429     -8.211      9.094 4
  -1   -2      2.907      0.241     19.260 4
  -1   -2    -19.618     -7.492      6.808 4
  -1 1265    -17.991     -8.360      0.658 4
  -1   -2    -23.552     -2.779      0.211 4
  -1   -2      8.746     -1.458     15.046 4
  -1   80      8.893    -14.137     19.272 4
 101   -2     -1.779      7.869     15.589 4
  -1   78    -20.854      3.292      8.271 4
 203 1325     13.221     13.985     15.546 4
  -1 1268    -23.998     -9.305      2.446 4
  -1   -2    -15.244      1.692      7.846 4
  84 1243     12.692     -4.348      7.619 4
  -1   -2     21.910     11.297      6.053 4
 112 1263    -10.293      4.157     10.474 4
  85   -2      8.259     -9.922     17.255 4
  -1   -2     -7.494     -9.611      6.889 4
 160  274      6.150     -7.239    -13.847 4
  -1   -2      9.433     18.222     19.700 4
  -1 1266     22.043     10.383      9.790 4
  75   77      6.806      2.716     12.901 4
  -1 1324      4.007     -9.666     15.171 4
  44   -2     17.364     -9.009     17.522 4
  -1   -2      1.796      7.086     12.347 4
  -1   -2    -11.516     -9.787     18.223 4
  -1   -2      5.467      9.330     14.788 4
  -1 1242    -21.738     -5.129      3.574 4
  -1 1235     10.271     11.858     11.431 4
  -1   -2    -23.179    -12.075      7.788 4
  -1   -2      4.255     -4.341     11.695 4
  -1 1223      7.815     13.156     11.798 4
  -1   -2      8.671     12.716     16.314 4
 168  145    -12.628     12.421     19.190 4
  -1   82      7.804    -10.345     19.218 4
  -1  139    -17.259    -13.240      7.114 4
  48  240    -20.980     -2.025    -13.056 4
  -1   -2     11.498     -7.282     15.507 4
  -1 1229     19.808      9.560      1.736 4
  -1   92     -0.795      8.144     12.436 4
  -1   49    -23.960      4.353      4.393 4
 266 1374    -16.176     -3.545      5.678 4
  -1 1308     23.573     -0.058      7.882 4
  -1  203      0.316    -13.988      8.862 4
  -1 1264      8.295     17.273     12.278 4
  -1  166     -6.851      2.928      5.993 4
  -1  108     -0.301     15.281     18.239 4
  -1   -2      6.044     15.955     13.316 4
 190 1317    -10.010     -0.788     14.831 4
  -1 1321      9.590      5.968     15.958 4
  -1   -2      0.418     12.474     11.781 4
  -1   69     11.909     -5.496     -0.443 4
 145   -2      3.809     -2.181     15.020 4
 167 1300     10.549      1.828     10.247 4
  -1   -2     16.399     16.667     19.179 4
  -1   -2      3.391     11.189     12.331 4
  -1  170     -1.413      6.087     16.139 4
  -1 1216    -17.635      1.069     10.311 4
  -1   -2     12.481      6.970     13.784 4
 198  123    -18.007     -2.153     15.765 4
  93  161    -16.212     -3.518      8.286 4
  -1  112      3.729      5.114      0.856 4
  -1  141    -20.108     -9.545     10.869 4
  -1  181     -1.973      0.953     12.173 4
 185  138      5.619     -0.145     11.575 4
 211  193     -3.172      5.344     19.131 4
  -1  153     22.516     -5.081      7.765 4
  -1   -2      5.304     17.276      9.083 4
  -1   -2     -9.656     11.436     14.252 4
  -1 1232      6.868      0.610      6.268 4
  -1   -2    -22.030     -6.516     -0.475 4
 140  113    -13.362      1.335      3.541 4
  -1   -2    -16.278     -8.915     11.404 4
  -1  156     11.097      0.050      8.172 4
 184  171      0.622     -0.958     18.657 4
  -1  238     -8.565     -8.644     10.617 4
 281   -2     -5.131     -2.441      2.205 4
  -1  169      1.402      6.623      2.075 4
  -1   -2      3.002     -7.283     14.253 4
 151  144    -20.794     -1.338      9.441 4
  -1   -2    -11.766     -2.934      6.651 4
 124   -2    -17.995      2.167     19.601 4
  -1   -2    -16.179      1.630     17.757 4
 137  132      1.677     11.182     11.695 4
  -1   -2    -14.970      2.370      6.927 4
  41   -2    -14.227     -3.459     -0.069 4
 131   -2      3.123      3.909     14.197 4
  45   -2     -7.802      1.097     -0.743 4
  -1  126    -16.857     -7.061      9.197 4
  -1 1355     20.629     11.144      3.806 4
  92  485      0.137     -6.811     -2.672 4
  -1   -2    -16.283     -0.669     -0.583 4
 186  226     -7.767      3.835      4.233 4
  -1  184    -19.405    -10.575      5.851 4
 110  163    -18.024     -1.669     11.274 4
 142 1283      6.611     -0.015     13.034 4
 210 1331     -5.346     -0.718      0.037 4
  -1  195      3.150     -7.002     16.997 4
  -1   -2     -7.750     -3.786    -18.905 4
  -1 1322    -21.652     -4.785      5.377 4
 233 1349     -6.011      2.797      6.911 4
 178  190      1.996      0.698     18.666 4
 164  607     11.018      4.723      5.516 4
 743  213      0.979     12.732      7.688 4
 163 1297      1.272     -1.373      4.873 4
  -1   -2     22.742      5.035      3.249 4
 175   -2    -10.283      7.636      6.661 4
  -1   76     17.014      5.794      8.350 4
  -1   -2    -15.137     -3.821      0.844 4
  -1   -2    -11.785     -9.589     -1.075 4
  -1  128      3.883     -8.229     11.949 4
  -1 1354    -22.281     -8.826      2.076 4
 240 1356    -14.148    -15.009      8.937 4
 270  179    -10.642     -1.950      5.881 4
  -1  242     19.630     14.798     13.271 4
 217  135     -6.411      2.278     19.359 4
 278 1380    -11.299      2.154     15.640 4
  -1 1363     24.136      2.746      3.675 4
  -1  666     -5.018     -4.127     19.914 4
  -1   -2    -18.993      0.309     -0.986 4
  -1   -2    -16.347      6.651    -14.260 4
  -1   -2      2.206     17.252     15.061 4
  -1 1310    -23.943     -7.209      5.199 4
  -1 1303     17.119     -2.626     12.602 4
  -1   -2     23.183      5.308      0.877 4
  -1  133      0.267     10.193     14.041 4
 147 1287      8.570      4.115      8.382 4
 810  206    -20.809     -7.130      4.840 4
  -1   -2     -3.182      7.964      7.219 4
 180   -2     -2.374      4.996      4.183 4
  -1 1333     15.110     15.966     17.069 4
  -1  122      8.600     -0.250      0.766 4
 633   -2     13.592      2.800    -15.357 4
 209  455     -1.148     11.354      8.050 4
  -1 1327    -16.144     -3.966      1.581 4
  -1   -2      1.315      7.752     13.786 4
 172   -2    -11.400     -7.616      9.993 4
 156  157      4.787    -14.302     16.637 4
  -1 1294     12.137     13.504     11.065 4
 148   -2     -9.986     -0.000      9.195 4
  -1  146    -14.490      4.785     15.290 4
 218 1336      0.273     16.953     15.124 4
  -1 1271     18.265      1.821      8.025 4
 169  111      0.900      5.666     11.694 4
 153 1291     20.724    -10.439      9.298 4
  -1   -2      1.599     10.797      1.945 4
 183  221      1.395      9.101     -8.949 4
  -1  127      5.411      1.377     18.270 4
 193   -2    -17.846    -12.477      1.505 4
  -1  290    -20.670      9.059      5.538 4
 273 1377     -3.281      5.526      9.991 4
  -1  130     18.925      3.089      5.438 4
  -1   -2     -9.711     10.091     14.427 4
 222  278    -15.443      5.940     19.174 4
 243   -2     -0.073     15.410     13.537 4
  -1   -2      3.509      7.394    -19.389 4
 234  567      0.207     17.291     20.132 4
  -1   -2    -13.908     -7.165      1.339 4
  -1   -2     12.815     -1.173      7.374 4
  -1  260      2.556     14.689     10.517 4
 228   -2     13.086     -4.821     11.769 4
 104   -2     14.063     -2.570     -2.340 4
  -1   -2     -6.645      7.980     -3.330 4
  -1  263    -20.022    -10.772      9.844 4
  -1   -2     14.061     16.977     16.899 4
  -1   -2    -19.272     -6.414     -3.690 4
  -1  162    -22.479      1.588     -2.464 4
  -1   -2      1.276     -5.706     12.366 4
  -1  234      0.459      6.734     18.228 4
  67 1230    -12.006     -9.810      9.102 4
 291   -2     18.981     11.438      1.618 4
 194  198     -5.582    -10.017     11.436 4
 236 1352      0.672     10.367     12.212 4
  -1  188    -17.609    -11.362      4.860 4
 189   -2     14.619      5.112     10.940 4
  -1   -2     -8.919      9.101      2.853 4
  -1  270      9.970     -3.634     10.836 4
  -1  655     -0.365    -13.413     -3.378 4
 361   -2      9.714     10.433      8.283 4
  -1  106    -16.022    -12.773      3.428 4
  -1  253     10.487     -9.180      7.179 4
  -1 1345    -11.395     14.963     10.606 4
  -1  143     -2.239      3.391      4.200 4
 245  332     -6.099     -4.734     10.797 4
  -1  115    -11.495     -5.048      4.970 4
 235   -2      3.490     11.931     11.171 4
  -1   -2     25.857      1.979      2.833 4
 714 1584    -16.592     15.320     18.561 4
  -1   -2      3.546     -4.563     12.495 4
  -1  285     -4.808     17.751     14.861 4
 207  116      2.518      0.517     15.264 4
 331  248     -6.425     10.534     17.847 4
 304  183     -0.870     14.294     10.475 4
  -1   -2    -20.840    -10.164      7.045 4
 296 1392     19.313      6.440     -0.764 4
  -1 1299      4.902     15.816     12.595 4
  -1   -2     -2.346     -5.917     -0.394 4
 254 1367    -11.327     11.194      5.555 4
 155  309     -0.967     14.787      4.401 4
  -1   -2    -23.040      6.198      3.752 4
  -1  224    -21.783      3.421     10.546 4
  -1   -2     16.118      5.027    -11.672 4
 501  199    -11.686      9.431     16.727 4
  -1  272     -4.565     -0.375     14.410 4
 750  533    -19.864      2.305     14.184 4
 305  280    -17.294      8.465     14.010 4
  -1   -2      4.184     15.666      9.601 4
  -1 1414    -25.063     -6.491     -1.514 4
  -1  303     -8.305      4.857      2.140 4
 223 1340     13.182    -14.547     15.605 4
  -1  223     -5.372      5.949     18.346 4
 326   -2     -9.469      1.430      0.955 4
 637  207    -17.607    -13.320     14.922 4
  -1 1346     16.136      4.033      5.224 4
  -1   -2     22.566      0.347      3.012 4
  -1   -2      9.918      2.320     18.591 4
  -1   -2     15.060     10.272     19.368 4
  -1  295    -14.356    -12.584      5.345 4
  -1   -2     -6.617      2.942      2.741 4
  -1  236     24.570     -2.497      4.555 4
  -1  294     -6.014     -3.348     10.303 4
  -1   -2    -12.764     10.396      3.939 4
  -1   -2     -6.523     -2.291     -6.589 4
 279   -2     10.682      4.312      7.183 4
  -1   -2      5.792     -7.505     -7.159 4
  -1   -2    -17.306    -10.348      3.021 4
  -1   -2      0.370     11.225     17.669 4
 297  239     -5.653      9.238     16.725 4
 346 1415    -10.302    -12.190     10.726 4
 666  336     12.422     -8.277     15.323 4
  -1   -2      1.391     13.932      4.304 4
 359 1423      5.582     -4.758     -1.733 4
  -1  283     10.650      2.823      2.286 4
  -1  340      0.907     13.615     16.320 4
 261  210    -23.062    -13.451      4.640 4
  -1 1574    -19.081     -0.217      3.429 4
  -1   -2      1.916     10.723    -19.200 4
  -1  277     -6.583     -6.967      6.808 4
  -1  325    -21.683     13.276      4.379 4
  -1  288      5.509      5.197     13.773 4
  -1   -2      5.258    -13.235     19.948 4
 259 1370      7.949     -2.670     18.704 4
  -1   -2     -9.199     -4.412      1.909 4
  -1  327     -0.776     -1.800      4.576 4
 889  373    -21.946      2.706     -4.042 4
  -1   -2     -7.069      8.059     13.179 4
  -1   -2      3.948     -6.180     -9.689 4
 892 1618     -3.995      2.825      1.774 4
 349 1417    -24.063     -2.496     -1.755 4
  -1   -2    -14.269    -12.943     10.315 4
  -1   -2      5.254      1.651     -2.091 4
  -1   -2     -8.939     -0.973      1.003 4
  -1   -2    -18.964      9.827     10.577 4
  -1  305     -3.964    -13.177     -5.448 4
 319   -2     -4.683     14.804     15.472 4
  -1   -2    -11.383     -6.035      1.616 4
 508  312    -20.081      9.456      8.688 4
  -1   -2    -10.523     17.219     14.903 4
  -1  323     26.339     -1.354     -0.304 4
  -1  346    -12.329      7.370     -1.162 4
 335 1410    -12.579      7.215      5.233 4
 713   -2    -20.234    -10.242      1.502 4
  -1   -2     15.879     12.057      4.040 4
 339  372     -5.652     11.959      2.197 4
 373   -2     -8.625     -3.060     -1.595 4
  -1   -2      9.775     13.176      8.264 4
 794  359     -2.293     13.377      3.217 4
 258 1369    -10.718     13.212      9.558 4
  -1   -2     -9.987    -10.988     -0.776 4
  -1   -2     -8.218      6.708     -0.132 4
  -1 1418    -10.438    -12.955      4.567 4
 141  611      8.321      9.081      7.939 4
  -1   -2    -16.675      1.881     -4.952 4
  -1 1408     16.599      1.396      3.655 4
 943 1623      0.222     10.719     -4.458 4
 369 1429    -10.071    -13.688      9.530 4
  -1   -2      5.167      4.735      4.755 4
  -1  324    -20.537      7.208      4.087 4
 347  326      7.643      6.946     16.989 4
 340 1413      3.613     11.474    -15.088 4
 342  319      1.746     16.605      8.373 4
  -1   -2     -7.898     16.963     14.170 4
  -1   -2    -11.409    -14.849     14.035 4
  -1   -2      8.399      2.793      9.274 4
 325  338    -10.376      6.184     -0.678 4
  -1   -2    -16.360      5.105     -9.256 4
 343  298    -22.290     12.656      1.290 4
  -1   -2     18.855     12.542      1.444 4
  -1  348     21.486     -7.893      7.239 4
  -1   -2     -1.733     -3.475     -6.529 4
  -1  367     12.999     10.781      2.778 4
  -1  355     10.348      4.981      2.833 4
 894  350     13.539      4.578      7.088 4
  -1   -2      1.449      6.591    -17.043 4
  -1   -2     -1.149      5.202      9.364 4
  -1   -2    -19.849      2.785     -6.843 4
 978   -2      0.518     11.827     18.560 4
 365   -2     12.828      7.505      3.191 4
  -1   -2    -11.028      8.806     -1.644 4
  -1   -2    -23.131     11.135      4.236 4
1002 1628      5.688     11.908      7.887 4
 384 1433     -6.594      5.201     -2.766 4
 843 1013    -22.553    -10.056     -5.593 4
  -1   -2      3.939     12.808     14.671 4
  -1  352     -4.526    -13.482      1.259 4
  -1  870     21.116     -1.149      3.587 4
 262   -2    -24.076     10.097      7.072 4
 382 1432     -3.083     16.968      8.517 4
 348  370    -19.516     11.177      1.007 4
 364   -2      9.781     11.933      2.851 4
  -1   -2     -1.048      8.539      3.150 4
  -1   -2      0.728      8.563      4.030 4
  -1   -2      3.693     10.117      8.644 4
 994 1076     -4.051     16.874      5.876 4
 358   -2     -0.357      5.068      9.537 4
  -1   -2     13.126     13.382      1.596 4
  -1   -2      3.820      4.631      2.617 4
  -1  707    -14.378     -5.703     -6.872 4
  -1  379     -9.764    -13.730      1.689 4
 387  380    -25.375     11.346      3.509 4
  -1   -2     15.456      3.815      1.712 4
  -1   -2     17.064     10.301     -0.886 4
  -1   -2    -14.393     10.521     -2.113 4
  -1   -2    -12.261     -2.136     17.993 4
  -1   -2    -23.878     10.648      4.740 4
  -1   -2    -15.708     12.633      5.557 4
  -1 1022    -11.162     -2.168     -2.935 4
  -1   -2     13.693    -10.947    -12.061 4
  -1   -2     23.210     -1.464     -0.594 4
  -1   -2    -17.266      9.789      2.418 4
  -1   -2    -10.906     -5.386    -12.461 4
  -1   -2     -6.991     15.709      1.753 4
  -1   -2      4.237    -12.329     10.606 4
  -1   -2     -2.160      2.773     13.200 4
  -1   -2     -3.835    -12.240     -6.373 4
  -1   -2     12.994    -13.182     11.347 4
 398 1438     15.579      6.505      6.988 4
  -1   -2      2.387      7.670      5.193 4
  -1   -2     13.841    -14.357     10.333 4
  -1  395      9.429    -15.113     11.826 4
 463 1483      1.482     10.190     16.355 4
  -1 1462     20.588    -11.502    -12.636 4
  -1   -2    -11.115     -6.256      6.642 4
  -1  393    -10.134    -13.947      6.629 4
 428 1459     -3.727     -3.025      6.891 4
  -1   -2     13.866    -10.465     -0.545 4
  -1   88    -16.789      7.135      6.610 4
  -1  406     14.889     12.243     12.673 4
  -1 1451     -1.095    -16.017     12.890 4
  -1   -2     14.208     -3.242      5.998 4
  -1   -2     -1.164    -13.910     15.623 4
 447 1473    -19.474     -2.937      2.955 4
  -1   -2    -16.290     11.850     13.482 4
  -1   -2      3.984    -10.144      7.819 4
  -1  411     12.896     -0.486    -12.460 4
  -1   -2    -11.335    -10.876      9.721 4
  -1   -2     -8.815    -13.814     18.467 4
 471 1488     -6.812      8.507      0.832 4
 536 1522    -12.251      5.819      8.279 4
  -1  495     -0.006     10.157     -8.317 4
  -1   -2    -16.695     13.547     15.952 4
  -1  389    -15.287     11.264     -9.728 4
  -1   -2     -4.628     -3.876      9.826 4
  -1  397    -17.477     -4.698    -11.127 4
  -1   -2     -6.802    -13.382      7.735 4
 440 1639      2.647     -6.504     10.467 4
  -1   -2    -14.231     -3.625      1.817 4
  -1   -2      2.745    -13.025     13.094 4
  -1   -2     -5.947    -12.561      7.225 4
 276 1640    -19.159     -5.213     -1.059 4
 474 1491     20.212      3.757     10.037 4
 411 1449      2.643     -2.310     -6.334 4
  -1 1479     26.714     -0.137      4.583 4
  -1   -2      0.868     -1.964    -19.152 4
  -1   -2      2.045      6.172     18.800 4
  -1 1512     25.727     12.492      5.740 4
  -1 1460    -24.477     -4.195      3.129 4
 485 1497     16.198      1.942     -5.644 4
  -1   -2     11.970     -5.912      8.935 4
 430 1461      1.744     -6.223     11.660 4
  -1 1440      9.637    -15.239      7.115 4
  -1   -2     21.419     -7.585     12.988 4
  -1   -2      0.696    -15.648     16.919 4
 409 1447    -11.836     -3.158     16.408 4
  -1   -2    -12.530    -13.804     12.379 4
 406 1445     21.669     14.369      9.070 4
  -1 1501      2.990    -17.468     14.138 4
  -1   -2    -11.505      9.970     12.052 4
  -1 1478     -0.721    -14.415     12.730 4
  -1   47      4.517      1.440     15.064 4
  -1   -2    -13.917      6.221     10.551 4
 467 1486    -17.783     11.156     13.344 4
  -1   -2     -3.561     -1.835     11.097 4
  -1   -2     -5.185    -14.355      9.187 4
 634 1558    -14.576     10.735    -12.248 4
 477 1493    -14.438    -13.105     -2.669 4
  -1   -2     -1.261     -2.043     15.109 4
  -1 1455      4.825     -8.816     10.051 4
 414 1452      9.167    -11.610     16.415 4
  -1 1492     -2.710    -12.226     13.920 4
  -1  429      5.296    -14.122     14.860 4
  -1  155     -7.180      6.832     17.914 4
 482 1494     20.134      7.094     13.954 4
  -1 1398    -16.769      3.479      8.173 4
  -1   -2      7.270     -0.307      8.272 4
  -1 1475    -12.815     12.745      8.599 4
  -1   -2     -4.460    -12.443      5.548 4
 473   -2     -0.308     -6.698     15.109 4
  -1  426     -8.288     -0.651     12.259 4
 488 1500     -6.197     11.448      8.171 4
  -1  469    -13.632     -1.191     17.480 4
 580 1537     -8.303    -16.148     14.030 4
 564  484     -9.736     10.909     20.085 4
  -1   -2    -19.399     -8.552     -4.790 4
 417   -2      9.344     -4.655    -13.301 4
 529 1517      8.976     -3.194     10.435 4
 528  491     22.238     -4.267     -1.037 4
  -1   -2    -17.845     -8.653     -3.692 4
  -1   -2      7.847     -6.770    -11.418 4
 404 1443     -5.934    -13.227     11.034 4
  -1 1519     -2.347    -15.814      9.065 4
  -1 1576     19.321     16.089     13.305 4
  -1   -2    -12.601      3.444     13.123 4
  -1   -2    -20.320      1.756      1.849 4
  -1   -2    -15.565     15.349     18.975 4
 993  503     -6.338    -11.851      4.487 4
 583 1538      2.842     14.711     -5.043 4
  -1   -2    -21.239     -9.594      6.819 4
  -1   -2     -2.048    -12.487     10.632 4
  -1   -2     -5.930     13.132      8.211 4
  -1   -2     -9.297      9.490     18.011 4
 436 1465     -9.071    -15.803     11.256 4
  -1 1529      2.791    -16.921     14.401 4
  35 1201     13.969     10.675     16.856 4
 602 1546    -18.597     -5.784     17.123 4
  -1   -2     -1.522     -4.794    -12.606 4
  -1   -2      3.695      8.283     -2.320 4
  -1 1441     16.787    -12.854      5.992 4
  -1   -2     18.601     -5.118     16.673 4
  -1   -2     -6.272      6.021     -3.410 4
  -1   -2      0.284     -0.062      1.068 4
  -1  483    -20.331      6.293     15.507 4
  -1  510    -16.220      5.819     19.401 4
 105 1258     -0.142     -6.663     19.160 4
  -1 1510     -4.815     -2.466      5.573 4
  -1   -2     23.404      5.578      8.939 4
 495 1504     -3.678     12.745      5.468 4
  -1   -2     -3.839     -8.573     11.951 4
  -1   -2    -23.802      3.951     -2.288 4
  -1  356     -0.433     -6.657     18.511 4
  -1   -2      0.588    -13.019     10.083 4
  -1   -2    -17.451      8.929     19.294 4
  -1  164     -6.508      3.215     15.140 4
 494 1503      9.475      6.171     17.650 4
  -1   -2     -0.633      2.619      0.009 4
  -1  515    -16.751     -9.066    -15.820 4
  -1   -2     -6.342     -2.595     12.570 4
  -1   -2     -8.923      5.782      3.599 4
  -1 1506     11.258     -6.819      4.966 4
  -1  499      3.482     -3.001      9.096 4
 854  675    -11.326     -3.455     -0.333 4
  -1   -2     -3.285     13.944     14.585 4
 144 1285      1.234     -9.150      4.158 4
  -1   -2     20.467     -7.525     18.014 4
  -1   -2    -10.509      5.363     -8.870 4
  -1 1516      8.771    -11.801      7.999 4
  -1   -2      3.059     -8.931     13.815 4
 823 1605     20.629     12.869     11.454 4
  -1   -2    -21.578      2.786     -9.368 4
 530   -2     -5.915     -4.215     -0.173 4
 531 1518     -6.023    -15.152     16.903 4
  -1   -2     22.315      7.637     -7.772 4
  -1   -2     -8.517    -14.094     15.240 4
  -1 1524    -18.077      4.301      1.807 4
 559 1534     22.070     -0.840     -7.322 4
 584 1539     -6.219     -7.531     16.006 4
 442 1470     -8.795     10.592     12.349 4
 643 1561    -10.965    -14.790      9.261 4
  -1  612    -23.254     13.147      7.876 4
  -1  838      7.274    -11.484      5.497 4
 663 1567     -4.156      8.989      9.133 4
  -1 1533      8.132     -5.708     11.604 4
  -1   -2     -4.357      0.123     19.091 4
  -1   -2     -6.552      8.255      3.770 4
  -1   -2    -18.082      2.169     10.814 4
 688 1573     12.730     16.792     13.706 4
 470   -2      2.582    -16.076     20.042 4
  -1  682     12.006    -14.359      2.349 4
  -1   -2      4.097     18.967     15.020 4
  -1   -2     13.228      6.243     -4.887 4
  -1   -2    -11.414      1.125      1.892 4
  -1  464      8.814     -4.744    -11.453 4
 598  623      1.332    -10.756     10.037 4
  -1   -2     14.335      2.403     -9.873 4
 181  453     -0.591    -12.573     18.762 4
  -1   -2     19.056    -12.098     14.300 4
  -1 1557    -13.807     -6.400    -15.840 4
 277  268      6.437      8.467     10.087 4
  -1   -2    -11.233     -7.714      4.135 4
  -1   -2     -3.426      7.032     19.150 4
  -1   -2     14.697    -12.138     -2.522 4
  -1   -2    -15.984    -14.327     12.020 4
  -1 1520     18.795     -1.589     19.914 4
  -1   -2      6.044      0.616    -13.103 4
  -1   -2     -7.784     11.783     14.507 4
  -1 1565     -3.830     10.183      8.330 4
 619 1554     -5.782      1.689      5.950 4
 509   -2     13.165    -14.762      5.451 4
  -1   -2    -10.184      1.563     13.030 4
  -1 1530    -11.725      0.145     12.099 4
  -1   -2    -12.074     -6.233     18.999 4
  -1  645    -16.372    -10.450      8.951 4
 609 1548    -17.714     -4.275     -0.253 4
 514   -2     -2.789    -11.054     -0.315 4
  -1   -2      6.503    -13.862      1.878 4
  -1  565      4.654    -15.665     11.278 4
  -1   -2      9.643    -11.032      3.645 4
  -1   -2    -18.294      5.690     16.856 4
  -1   -2     20.473      3.558     -2.217 4
 711 1582    -14.814     -5.011     19.035 4
 537 1523    -12.345     -1.888     12.538 4
  -1   -2    -23.250     13.517      5.749 4
  -1 1535     26.535     -1.790      3.327 4
 732 1641      4.436     -2.738      5.757 4
 833 1606     -9.484     -4.964    -15.156 4
  -1   -2     -0.283    -12.936      8.767 4
  -1   -2     -6.388    -10.871      4.246 4
  -1   -2      1.917    -11.255     16.427 4
  -1   -2     21.123     13.389     15.470 4
  -1   -2      4.416      5.073     -1.402 4
  -1   -2     17.016     -1.839      3.892 4
  -1   -2    -21.770     -3.711      6.744 4
  -1   -2     17.252      5.225      4.550 4
  -1  220     -4.028     -6.842      2.522 4
  -1   -2     -6.258      6.711     -8.005 4
  -1  771    -20.028     10.804     -3.365 4
  -1   -2    -17.715      0.302     -9.819 4
  -1   -2     24.231      5.251      9.964 4
  -1   -2      9.348     -6.481      4.043 4
  -1   -2     -4.972    -11.764     -3.748 4
  -1   -2    -12.415      6.043     18.348 4
  -1   -2     21.582      8.456     16.673 4
  -1  582     -6.605     -4.188      4.418 4
  -1  544     20.034     -7.057     -0.099 4
  -1 1328      3.375     10.176     11.810 4
  -1   -2     -6.117     10.583     10.901 4
  -1   -2     12.156     -7.476      6.617 4
 736 1589      8.336     17.649      9.872 4
  -1 1489      5.539    -14.634      7.237 4
  -1   -2    -19.949     -3.763     -4.382 4
 618  601     20.319      7.358     -5.959 4
  -1   -2    -25.678      0.710     -0.635 4
  -1   -2    -22.291      7.254     -8.073 4
  -1  459     21.177     -4.920     10.319 4
 130  597    -18.171    -12.228     17.576 4
 271   -2     -4.117      9.527     11.350 4
  -1   -2    -22.161     -3.115     -1.888 4
 594   -2      9.466    -12.193     11.811 4
  -1   -2     -7.636     -9.460     17.234 4
  -1 1544     17.732    -12.053     -0.743 4
  -1   -2     -6.052    -14.499     15.047 4
 662 1566      8.891    -14.196      8.221 4
  -1   -2    -16.468      5.306     10.425 4
  -1   -2      4.514      0.413    -20.266 4
  -1   -2     15.017    -10.629     -2.954 4
 576  671    -10.763    -13.017     -7.253 4
  -1   -2     -6.815     -1.470      3.673 4
 460  756     -4.372     -4.786    -14.493 4
 612 1550     13.201     14.140     14.376 4
  -1  589    -22.846    -14.312      4.608 4
  -1  618      8.203    -16.907     11.693 4
  -1 1430     -9.727     -1.388     -0.045 4
  -1   -2      0.930     -9.127      5.983 4
 433 1463      1.264      1.275      9.781 4
  -1   -2      1.244     -5.250      8.883 4
  -1   -2      9.661      7.088     13.089 4
  -1   -2     -2.224      9.329     14.129 4
  -1   -2     -4.331     -6.236     -6.517 4
  -1   -2     17.681      4.883     -3.974 4
  -1   -2     -5.033     -6.292    -12.266 4
 595 1543    -16.820     -0.425    -19.515 4
  -1  809     14.739     -4.800      2.343 4
  -1 1362      3.651      6.428      9.634 4
  -1   -2     16.680     10.936     18.263 4
 604  715     -6.616    -10.212     -5.089 4
  -1   -2    -24.117    -13.568      4.715 4
  -1   -2    -19.764    -11.874     13.039 4
  -1   -2     -0.990     -6.916      9.486 4
  -1   -2      9.306     12.012      8.645 4
  -1   -2    -13.867     -9.522     13.159 4
  -1   -2      4.113      5.318     11.591 4
  -1   -2      3.804     -7.485     16.316 4
  -1  252     10.580     -0.477    -11.790 4
  -1   -2     24.784     17.443      8.399 4
  -1   -2    -14.863      7.514     17.506 4
  -1  602    -21.989     -7.508      8.503 4
 722  669    -12.814      9.673     19.006 4
  -1   -2     14.394    -11.827     16.994 4
 607 1547      6.132     -1.279      7.359 4
 299 1394      0.546     -8.130     18.178 4
  -1   -2    -18.182      0.142      1.408 4
  -1   -2     14.585     -6.262      7.716 4
  -1   -2     -1.274     -6.675     13.524 4
  -1  571     14.410      7.183     19.961 4
  -1   -2     -0.968     -9.694     17.098 4
  -1   -2      4.839     -3.348     17.611 4
  -1   -2     -7.728    -10.311     12.881 4
  -1 1549      0.611     -2.983      1.645 4
 788 1597     -2.790    -12.183      4.187 4
  -1   -2    -14.560      0.275     16.420 4
  -1   -2     -0.801      7.027      1.622 4
 752  692     12.937     -9.704      4.310 4
  -1   -2     13.528      6.278     -7.079 4
  -1   -2    -18.057    -13.688    -11.645 4
 606  828     14.669      2.322     -7.539 4
 708 1581     18.313      6.152      5.079 4
 647   -2      4.022     -7.516     11.169 4
  -1   -2    -18.109      8.049     10.068 4
  -1   -2    -17.480      5.296     15.208 4
 761 1594    -15.994     -8.613     17.144 4
 757   -2     23.214      7.365      1.701 4
  -1   -2     20.525     17.343     10.173 4
  -1   -2    -21.417      3.792    -12.367 4
  -1   -2    -12.748     -5.841     11.869 4
 575  726     15.249      4.172      7.821 4
  -1   -2    -13.108     13.462      8.224 4
 797 1598    -18.582    -16.360     -2.936 4
  -1   -2    -16.298      3.344     -7.083 4
  -1   -2      4.683     -5.241     -8.441 4
  -1  273    -11.285     16.412     12.078 4
  -1   -2     11.567      5.699     10.912 4
  -1   -2    -20.414     13.941      2.411 4
  -1   -2    -14.791     -1.945    -12.647 4
  -1  437    -22.772      5.419      9.616 4
  -1  663    -11.120     -5.643     19.378 4
  -1   -2    -12.724      6.366     -0.052 4
  -1   -2    -10.795    -12.847     13.624 4
  -1   -2     -6.672      9.632      9.191 4
  -1   -2     11.484     -4.232     -6.542 4
  -1  781      4.779     -0.675    -14.360 4
 815 1603      4.280      4.667      6.358 4
 379 1431    -11.532     11.263      2.615 4
  -1  740     -6.319     16.366      5.849 4
  -1   -2     24.144      9.836      0.739 4
  -1   -2      5.939     -8.770    -13.248 4
  -1   -2      7.415    -10.219     -8.398 4
  -1   -2     -7.926    -11.976     -6.066 4
  -1   -2     -3.440    -10.529     -6.436 4
  -1   -2      1.409     10.052     -5.556 4
  -1   -2    -22.482    -14.030     -7.436 4
  -1 1609     23.858     -9.837    -10.273 4
 853   -2      3.297     -0.807      4.306 4
  -1   -2    -21.442     -7.733     -2.544 4
 698 1579     13.345    -10.084     19.252 4
  -1   -2    -25.489     -2.825      3.046 4
 825  540     -0.003     10.649      5.515 4
  -1  574      5.131      2.346      2.532 4
  -1   -2    -11.009      9.869      8.821 4
  -1   -2     26.397      1.008     -4.147 4
  -1   -2    -10.399      3.855      7.914 4
  -1   -2      8.741     -2.808     12.706 4
 690  742    -20.313      0.281    -10.970 4
  -1   -2    -19.995     -9.706    -12.732 4
  -1   -2      1.170     12.715    -17.120 4
  -1  345     -6.810     16.928     15.923 4
  -1  536    -22.310      4.561      9.969 4
 802 1599     13.557      4.191     19.998 4
  -1   -2     19.580      4.590     -1.806 4
  -1   -2     -7.293    -14.134     -8.878 4
  -1   -2      0.229      1.632      6.250 4
  -1   -2     -5.824      2.628     18.328 4
  -1   -2     19.171     15.634     14.532 4
  -1   -2    -24.593     -9.035      3.296 4
  -1 1587     22.486     16.946     14.213 4
  -1   -2    -14.327     -0.176     -6.794 4
  -1 1093     11.581      9.518      3.367 4
  -1   -2      4.001     -0.239    -19.532 4
  -1   -2     13.673    -15.966     19.003 4
  -1   -2      3.090      8.943     -7.287 4
  -1   -2    -13.499      4.706    -14.833 4
  -1   -2      9.148      0.185     -2.811 4
 466 1485    -19.256      9.622     11.186 4
  -1   -2    -13.475     -5.023    -18.185 4
 627  703    -15.590     -8.702     16.597 4
  -1   -2     -3.729    -13.564      6.004 4
  -1   -2    -18.444     -6.979     18.664 4
  -1  697    -13.216     -2.234     20.098 4
  -1  849     11.868     18.051     13.267 4
  -1   -2      0.907    -14.045     -3.936 4
  -1   -2    -19.686     15.515     15.377 4
  -1   -2      3.377     11.312     14.877 4
 696 1642     10.379      2.807    -13.970 4
 912   -2     15.537     -3.780     19.081 4
  -1 1585     16.912     17.675     15.876 4
  -1   -2      2.829    -11.138      8.753 4
  -1   -2     20.754      0.933    -15.101 4
  -1   -2     13.282     13.134     -4.000 4
  -1  642    -15.777     -9.745     14.704 4
  -1   -2     21.455     15.898     11.343 4
  -1 1487     23.700     15.170     10.727 4
  -1   -2     16.371     -9.052      1.065 4
  -1   -2    -18.262      9.528     15.761 4
  -1  714    -22.838     -1.902      9.587 4
  -1   -2      4.845     -2.559     10.442 4
  -1   -2      4.673     -0.578     10.661 4
  -1   -2    -25.870     -4.901      0.763 4
  -1   -2     -2.047     -2.314    -17.020 4
  -1   -2      3.307     13.600    -15.043 4
  -1  886      8.795     -5.070     14.845 4
  -1   -2      3.572     -5.800      2.766 4
  -1   -2      1.318     -0.709      6.756 4
  -1   -2    -23.705      4.444      7.648 4
  -1   -2      4.263    -10.562     14.457 4
 981 1626     10.909     -3.021     15.114 4
  -1   -2    -13.267      3.384     17.059 4
  -1   -2    -15.590    -10.492     17.190 4
  -1   -2    -16.388      7.249     -7.668 4
 665 1568      9.599    -13.569      3.096 4
  -1   -2      4.618      2.261     -8.663 4
  -1   -2    -13.087      5.089     17.476 4
  -1   -2     -8.160     -5.656     12.127 4
  -1   -2    -12.308    -10.733     19.210 4
 852 1611    -13.603     13.672     12.334 4
  -1 1570    -17.235     -0.506     -1.095 4
  -1 1596     -7.830    -10.456      0.137 4
  -1   -2    -14.784     13.511     11.339 4
  -1   -2      1.576    -12.467      8.037 4
  -1   -2     12.329      2.797     -1.329 4
  -1   -2     -8.867     11.668      8.653 4
  -1   -2     11.934      1.518     14.516 4
  -1   -2     15.859     12.440     15.526 4
  -1   -2     14.469     13.246     -2.878 4
 820   -2     23.240     -0.820      1.806 4
  -1   -2     -7.159     -0.243    -18.182 4
 837 1607      1.357     -9.255      5.572 4
 718  932      7.371     15.732     17.946 4
  -1   -2    -17.827      5.913     13.450 4
  -1   -2     10.235     15.082      2.228 4
  -1   -2    -24.207    -10.362     -1.451 4
  -1  871    -19.191    -12.479     -3.041 4
  -1   -2     -0.278     -3.136      2.774 4
  -1   -2     -1.429      2.376     -4.023 4
  -1   -2     17.654     -0.059     19.729 4
 886 1615     17.038     -7.628     17.106 4
  -1   -2      0.686      0.628     -9.284 4
 824   -2    -20.909     -6.115    -13.742 4
 900  891     16.874     19.744      5.486 4
  -1  921     -7.336     -1.453     -6.699 4
  -1   -2      1.944     -1.824     16.930 4
  -1   -2     17.731     14.336    -12.258 4
 858 1054      1.472    -11.358    -10.390 4
  -1   -2    -26.674      4.963     -0.577 4
  -1   -2     -7.211     15.067     15.333 4
  -1  846     -4.074      3.093     15.846 4
  -1   -2     -4.891     12.313     13.898 4
  -1   -2     -4.861    -11.403    -18.677 4
  -1   -2     -5.907     -1.985     16.985 4
1029   -2    -19.211      0.100    -12.264 4
  -1   -2      7.945     16.514      1.361 4
  -1  780     -1.365      6.795      4.653 4
  -1   -2     -6.430      3.018     -0.449 4
  -1   -2     -0.536    -13.577      7.427 4
  -1   -2     20.595      7.359      1.664 4
 671 1571     19.781     -5.040     -5.018 4
  -1   -2    -13.670      9.456      3.211 4
  -1   -2     23.908    -13.557      3.940 4
  -1   -2    -24.618     10.826      6.220 4
  -1   -2     -6.249     -2.433     -1.409 4
  -1   -2     -1.735      5.305     16.128 4
 868  818     19.682      8.960      5.373 4
  -1   -2     20.311     12.323     15.196 4
  -1  844     12.591      4.765      7.114 4
  -1  808    -18.905     -9.838    -19.811 4
 755 1592      4.009      5.461      0.274 4
  -1  727      6.090     -5.232    -13.543 4
 133   -2      4.915      1.133      7.054 4
  -1   -2      8.534     -3.192    -13.770 4
 577   -2    -11.584     -2.206      3.868 4
  -1  848      0.744     11.535      4.944 4
1079  994    -21.901    -12.444      5.934 4
  -1   -2     16.994     -9.323    -12.479 4
  -1  917     14.995      0.915      0.887 4
  -1  875      6.063      5.066     -0.550 4
 848 1610     17.228    -14.612     17.027 4
 937 1622    -12.517    -13.421      9.080 4
  -1   -2      4.999     10.604      1.004 4
  -1  770      5.431      6.971     -0.987 4
  -1   -2     11.516      5.097     -4.049 4
  -1   -2     -1.122     -0.961      0.774 4
  -1   -2     -4.226      0.139      0.573 4
  -1  569    -20.421      6.857     -7.361 4
  -1  660     20.336     16.987      7.459 4
  -1   -2     22.379     13.526     -9.583 4
1058  950      6.040    -11.865     -6.633 4
  -1   -2    -21.657      1.086     -2.490 4
 391  384     -9.634    -14.009      3.003 4
 875  855    -18.887      6.053      8.142 4
  -1   -2     10.800      6.955      7.762 4
 881  797     20.828     -3.855    -12.359 4
  -1   -2    -15.848     14.010     20.283 4
 890 1616     19.939      6.903     -6.019 4
  -1   -2    -15.476     -2.767     15.999 4
  -1   -2     14.034     13.489      2.460 4
  -1   -2      4.942     13.279      8.111 4
 891 1617     22.378     -1.692    -11.949 4
  -1   -2     -0.171     13.928      4.103 4
 918  907     11.612      8.847     -0.737 4
  -1   -2      1.890      4.323     12.889 4
  -1   -2      9.102     18.500     16.685 4
1071 1633     24.721     18.692      1.523 4
  -1   -2    -19.652     11.554     -3.414 4
  -1   -2     26.954      2.629      2.569 4
  -1   -2     12.006      0.178     -5.966 4
  -1   -2     -4.536      0.162     15.491 4
  -1   -2    -16.122      8.717     12.246 4
1018  677     -3.035    -16.032     10.849 4
  -1   -2      5.555      0.715    -10.854 4
  -1   -2    -15.157     17.125     19.255 4
  -1   -2    -25.218     -7.335      2.334 4
  -1   -2     -6.073     10.290     13.015 4
  -1   -2      0.107      7.829     11.059 4
 826   -2     -7.330      3.902     -4.406 4
  -1   -2     -4.568     -8.179     -2.181 4
  -1   -2     21.644     -2.019      4.673 4
  -1   -2     20.599     -9.811    -13.203 4
  -1   -2     -0.199     14.138      8.605 4
  -1   -2    -19.707     11.987     -4.646 4
  -1  688      0.457      5.387      6.352 4
  -1   -2      2.084     -8.631     14.643 4
 250  246    -17.706    -11.758     14.622 4
  -1   -2    -19.064      5.931      5.651 4
  -1   -2     -7.144      3.655     -8.521 4
  -1   -2    -20.313      5.886     14.490 4
  -1 1012    -10.520    -14.305      5.201 4
 961 1624     25.951     -0.799     -1.938 4
  -1   -2    -12.214     -4.958     11.686 4
  -1   -2     13.445     12.150      0.532 4
 862   -2    -15.468    -14.172      8.072 4
  -1  880      2.269      6.922      2.266 4
  -1   -2     -8.241     16.654     15.638 4
  -1   -2     -5.095     -6.282     12.058 4
  -1  899    -17.462      9.683     -0.036 4
  -1   -2      0.747    -14.951     18.645 4
  -1   -2    -20.030     -7.202     11.776 4
  -1  729    -17.032    -10.750     14.461 4
  -1  876    -24.172     -6.886     -6.219 4
  -1   -2    -16.766     10.669     17.585 4
  -1   -2     -1.077    -10.211     16.499 4
  -1   -2     -0.650     -1.863     18.250 4
  -1   -2    -21.957     12.293      8.693 4
  -1   -2      8.297      9.183      1.748 4
  -1   -2     -3.747      6.721      3.721 4
  -1   -2     22.097     14.294     12.457 4
 771   -2     23.926    -10.079      6.714 4
  -1   -2     -8.376     -6.633     -6.730 4
 845 1608     -5.015     15.234     11.785 4
  -1   -2     -7.161      9.751     -7.826 4
  -1   -2     16.620     -4.138      8.885 4
  -1   -2     18.231      5.693     -9.715 4
  -1  965     15.106    -13.737     13.091 4
  -1   -2     -4.045      6.054     -5.582 4
 800   -2    -24.006    -12.169      7.277 4
 974 1031      3.861    -15.413     14.486 4
 885   -2     13.554    -16.196      8.252 4
  -1   -2    -11.149     -0.108     17.632 4
  -1   -2    -23.269     14.005      8.591 4
  -1   -2     17.865     16.170      6.268 4
  -1   -2     -2.047     13.934      2.520 4
  -1   -2     21.008     10.494      9.913 4
  -1   -2    -16.421     14.127     19.042 4
 963   -2     19.936      9.107    -19.382 4
  -1   -2     -7.602    -13.890    -12.710 4
  -1   -2    -13.563     -5.731     -9.409 4
 777   -2    -25.573      2.315      0.042 4
  -1   -2    -21.262     17.843      9.999 4
  -1  986    -20.595     14.739      8.538 4
  -1   -2    -21.627     14.530      4.019 4
  -1   -2     18.691     12.886    -16.373 4
  -1  911     11.578    -16.118      5.715 4
  -1   -2    -17.036    -11.750     18.553 4
  -1   -2    -10.270      1.165    -19.922 4
  -1   -2     10.610      5.928    -15.218 4
  -1   -2     -5.036      6.224     -4.846 4
  -1   -2     21.965     -2.068     -5.884 4
  -1   -2     13.210      8.263      6.850 4
  -1   -2      1.463      7.682      1.116 4
  -1   -2      7.840      3.711     15.477 4
  -1  981     18.425     -5.492    -11.334 4
  -1   -2    -20.506      7.061     -2.785 4
  -1   -2      0.299      5.268     -8.960 4
  -1   -2     -4.466     14.506     -2.011 4
  -1  711     23.903     17.882      2.343 4
  -1  949     13.214      0.530    -15.916 4
  -1   -2     -2.107    -12.334     -3.542 4
  -1   -2      4.076     -5.864    -15.909 4
  -1  997     10.720     13.209     15.671 4
  -1   -2      7.129     17.531     13.360 4
  -1   -2      0.219      2.035     -8.179 4
  -1   -2    -20.136    -15.631      0.264 4
 934   -2     19.113    -15.076      8.242 4
  -1   -2     -4.369      6.676     12.322 4
  -1   -2     14.325     15.312     -5.485 4
  -1   -2    -15.358    -13.356      9.997 4
  -1  819      4.541     12.854     -2.088 4
  -1   -2     20.349     12.479     11.754 4
  -1  987     12.095      1.851      0.397 4
  -1   -2      9.897    -15.577      5.646 4
  -1   -2      2.857      1.627     13.266 4
  -1   -2     19.081     -5.541    -13.565 4
  -1   -2      2.122      7.750      9.605 4
  -1  853    -11.422      0.666     13.435 4
  -1   -2      1.137      9.359      0.828 4
  -1  910     -1.661     14.423     13.501 4
 969   -2     20.060     10.471    -13.479 4
  -1   -2     -2.585     16.312      4.633 4
  -1   -2    -18.861     -5.600    -17.912 4
  -1   -2     23.878      9.060      8.820 4
  -1   -2      9.854      7.450     -8.551 4
  -1   -2      4.998     11.214    -17.175 4
  -1   -2    -15.829     13.466    -11.839 4
  -1   -2    -10.575     17.917     16.238 4
  -1   -2     14.534     -7.394     -4.797 4
  -1   -2      5.721      6.286      3.177 4
  -1  343     16.545     16.304     19.970 4
  -1   -2    -24.150      5.200      1.142 4
  -1   -2     20.818     -2.806      3.597 4
  -1   -2      0.882     14.579     12.928 4
  -1   -2     14.960     -8.134     18.596 4
  -1   -2     19.416     12.349      8.145 4
  -1   -2      1.259    -13.209      8.730 4
  -1   -2    -22.680     10.792      2.297 4
  -1  900    -17.989      8.935      2.918 4
  -1   -2     19.604     12.787     17.715 4
  -1   -2     16.179      4.721     18.350 4
  -1   -2      3.050     -7.858    -12.143 4
  -1  952     -4.943     10.317      5.743 4
  -1   -2      7.210     11.042     11.262 4
 938   -2     -3.185     10.109      6.933 4
  -1   -2      1.311    -12.330    -13.585 4
  -1   -2     13.663     13.857     10.911 4
  -1   -2     -7.294     12.629    -12.381 4
1047 1630     -7.509     -2.460    -14.916 4
  -1   -2     26.071      7.947      0.250 4
  -1   -2     -9.550     13.546    -18.772 4
  -1   -2    -17.734     -1.529    -10.728 4
  -1   -2    -11.020     -3.194    -14.342 4
  -1   -2     14.993     -5.768     -2.674 4
  -1   -2    -13.187    -13.536     13.236 4
  -1   -2      7.811      0.405      7.507 4
  -1   -2     -7.893      6.986      6.317 4
  -1  960     -7.004      0.927     -0.783 4
  -1   -2      5.796     13.652      7.239 4
  -1   -2     20.216      5.767      7.323 4
  -1   -2    -20.561     13.317     14.212 4
  -1   -2     -2.989     15.945     17.935 4
  -1   -2      3.664     -3.419    -14.782 4
  -1   -2      1.849    -11.377     -8.850 4
  -1   -2     -1.800    -17.739     17.117 4
  -1   -2     23.574     10.091     11.938 4
  -1   -2    -17.122     10.960     -7.523 4
  -1   -2     18.769      9.773    -19.729 4
  -1   -2     -7.158      8.645     -2.561 4
  -1   -2    -20.271      7.288     -1.405 4
  -1 1047     15.464     10.934     -1.114 4
  -1  975     26.718      0.387     -7.282 4
  -1   -2    -21.612     -7.485     -6.531 4
  -1   -2     19.955    -11.191      2.520 4
  -1   -2     20.653      2.575      8.431 4
  -1   -2      1.077     -0.656      4.232 4
  -1   -2      2.975    -16.875     16.274 4
  -1   -2      9.200     14.115     -1.865 4
  -1   -2    -22.005     16.500      3.383 4
  -1   -2      3.195     10.351      6.382 4
  -1   -2    -21.693     -1.525      3.733 4
  -1   -2    -15.758     12.751    -10.349 4
  -1   -2    -13.842     -0.021     -2.854 4
  -1   -2      7.746      6.487     -4.773 4
  -1   -2    -16.251      7.942    -10.289 4
  -1   -2     -3.790    -15.893     15.644 4
  -1   -2     10.226      5.258    -17.673 4
  -1 1020     10.857    -16.151     13.579 4
  -1   -2    -16.477    -11.724      3.467 4
  -1   -2    -14.739     13.319      8.914 4
  -1   -2     -6.204     -4.946      3.071 4
  -1   -2     24.381      5.968      8.252 4
  -1   -2    -19.166      5.964     10.264 4
  -1   -2     23.418     -6.119     -2.238 4
 851   -2    -13.054     15.799     19.993 4
  -1   -2      2.003     14.229     -7.959 4
  -1   -2     22.409     12.624      2.852 4
  -1   -2    -11.752      3.879      1.808 4
  -1   -2     11.098     14.613     -0.587 4
  -1   -2      0.481    -11.758     18.623 4
  -1   -2     16.256      2.310     10.327 4
  -1   -2      6.980      6.141     13.171 4
  -1   -2    -17.409     15.215     -7.496 4
  -1   -2     20.207      4.476     -8.543 4
  -1   -2     14.818     -1.105     -8.536 4
  -1   -2     -3.678      8.188     -3.901 4
  -1   -2     -3.479    -10.673    -11.471 4
 972  974     23.203      0.071     -9.672 4
  -1   -2     -3.549      9.565     -1.297 4
  -1   -2    -21.943     11.424      8.295 4
  -1   -2     13.399      2.469     -2.359 4
1105   -2     21.684      4.848      4.720 4
  -1   -2     19.228     10.595      6.711 4
1064 1632    -19.433     -7.896     16.924 4
  -1   -2      9.170    -10.922    -20.109 4
  -1   -2    -10.029     -0.118    -17.466 4
  -1   -2    -23.118      5.826      5.561 4
  -1   -2     14.958      4.138     -6.720 4
  -1   -2    -10.750      7.543     -3.771 4
  -1   -2    -24.615      2.430      3.556 4
  -1   -2    -22.762    -13.180     -6.397 4
  -1   -2     -7.626     15.015      6.905 4
  -1   -2    -20.369     13.818     -3.674 4
  -1   -2     16.967     14.872     12.957 4
  -1   -2    -14.147     17.708      9.575 4
  -1   -2     18.307     10.056    -10.741 4
  -1   -2      4.401     15.954     12.411 4
  -1   -2    -14.820     -1.632    -14.610 4
  -1   -2     -1.698     16.237      9.345 4
  -1   -2     -1.997     -5.914     -4.808 4
  -1   -2    -14.939     10.395     -9.367 4
  -1   -2     -8.901     16.796     17.153 4
  -1   -2      6.557      2.577     -6.857 4
  -1   -2      6.266     -2.377      2.528 4
  -1   -2    -14.180      3.296     -7.719 4
  -1   -2     12.538     15.981     15.489 4
1073 1634     13.989      0.234     -2.484 4
  -1   -2     -5.513      2.914      1.839 4
  -1   -2     15.002     14.683     -0.847 4
  -1   -2     18.422      6.364      7.752 4
  -1   -2     10.862    -14.909      0.110 4
  -1   -2      8.724     11.861    -16.995 4
  -1   -2     10.255     -3.316    -16.320 4
  -1   -2    -11.677     -0.399      7.162 4
  -1   -2     11.467     11.770     -5.504 4
  -1   -2    -15.766      9.117     -5.598 4
  -1   -2     -1.802     15.207      6.111 4
  -1   -2    -12.694     17.518     14.526 4
  -1 1050    -22.604     16.258      1.158 4
  -1   -2    -11.059     -3.933     -5.983 4
  -1   -2      1.426      2.682     -2.749 4
  -1   -2    -18.089      9.433     -7.160 4
  -1   -2     18.230      7.502      9.719 4
  -1   -2    -14.365      1.093      4.876 4
  -1   -2    -20.699     12.714    -10.825 4
  -1   -2     18.114     16.777      3.126 4
  -1   -2     -8.846     14.742     16.437 4
  -1   -2      0.037      8.674    -18.926 4
1048 1631    -20.558      7.097     14.549 4
  -1   -2     11.757     -2.408      5.793 4
  -1   -2     20.530      0.378      9.477 4
  -1   -2    -13.768      9.116      7.748 4
  -1   -2     25.635     15.343      5.317 4
  -1   -2      9.897      2.679     -3.385 4
  -1   -2    -17.931     -5.308     13.824 4
  -1   -2      9.132     18.061     19.002 4
  -1   -2    -13.027      5.021     11.523 4
  -1   -2     10.138     17.092     13.246 4
  -1   -2    -10.970     10.489    -13.887 4
1137 1126     -9.604    -15.678      3.289 4
  -1   -2      3.836     10.586      2.203 4
  -1   -2    -10.256      9.209     -9.380 4
  -1   -2      8.554     11.350     -5.290 4
  -1   -2     13.750    -12.087      8.066 4
  -1   -2      8.881      2.426     -8.090 4
  -1   -2    -18.781     13.009     16.346 4
  -1   -2     -6.626      8.815    -13.612 4
  -1   -2     18.429     -7.651     -0.081 4
  -1   -2     -1.719      1.479      5.415 4
  -1   -2    -11.259      7.922     14.995 4
  -1   -2     -4.455      7.189     -0.021 4
  -1   -2     17.366     -4.657     19.503 4
  -1   -2      4.418     10.420     -3.910 4
  -1   -2     10.279     18.277     16.521 4
  -1   -2    -17.117     12.195     17.978 4
  -1   -2     15.683    -13.079     16.791 4
  -1 1145     19.103    -18.222     14.502 4
  -1   -2     22.030      6.453      9.388 4
  -1   -2     24.869    -11.283      7.965 4
  -1 1132     24.592    -12.510      3.093 4
  -1   -2     18.474    -16.386      4.404 4
  -1   -2    -24.329      1.425     -6.820 4
  -1   -2     15.749     17.846     17.445 4
  -1   -2      3.999    -16.032     20.036 4
  -1   -2     15.111    -12.336     17.146 4
  -1   -2     -8.310    -17.351     17.167 4
  -1   -2     19.505    -13.340     16.617 4
  -1 1143     25.955    -11.466      3.110 4
  -1   -2    -17.475    -18.915     18.983 4
  -1   -2     17.378    -14.310     12.128 4
  -1   -2     20.692    -11.572     18.407 4
  -1   -2      9.910     -5.215     19.365 4
  -1   -2     17.182     -8.168     14.476 4
  -1   -2     14.560    -19.252     15.653 4
1155 1637     19.634    -14.131      8.244 4
  -1   -2    -16.880     -8.609    -20.117 4
  -1   -2     15.505    -16.672      6.300 4
  -1   -2    -19.290    -14.839     14.876 4
  -1   -2    -18.678    -18.881     18.695 4
  -1   -2     15.234    -13.910     19.264 4
  -1 1152     16.730    -13.017      0.456 4
  -1   -2     28.720     -8.831     10.923 4
  -1   -2    -12.893    -18.771     20.095 4
  -1   -2     21.130     19.047      9.505 4
  -1   -2     12.458    -15.262     19.266 4
  -1   -2      0.913    -13.596      8.949 4
1168 1155     27.374     -8.631     18.170 4
  -1   -2      5.535     18.984     19.687 4
  -1   -2     24.412    -13.540      7.359 4
  -1   -2     18.900      2.483     16.812 4
  -1   -2     21.610     20.110      3.357 4
  -1   -2     12.057    -13.333     17.853 4
  -1   -2     14.924     18.417     14.351 4
   0 1167      6.717     -7.819     12.280 2
  -1 1206    -14.224     -3.433      0.005 2
   3   -2     16.206      9.450     15.346 2
  -1 1169    -20.784     -4.563      9.437 2
   2   -2     13.074     -3.253     12.406 2
  12   -2     12.636     15.012     13.711 2
  10 1177     17.043     -7.822     14.649 2
  33 1198     11.723     -9.176     11.631 2
   4   -2     14.616     15.876     13.190 2
  -1   -2     11.205     -3.301      9.633 2
   7 1174     12.611      8.029     10.576 2
  21 1188      9.443     -7.385     15.541 2
   6 1173     20.647      7.218     15.739 2
  18 1186     11.923      8.142     13.432 2
   9 1176     10.550     15.088     17.795 2
  15 1183     18.319     -6.161     14.743 2
  29 1195      0.115     13.839     18.914 2
  27   -2     17.446      7.388     10.136 2
  13 1181     18.504     -4.289     15.746 2
  23   -2     10.734    -14.755     17.754 2
  78 1237      7.545     11.359     15.874 2
  19   -2     19.303     10.098     16.093 2
  20 1187      2.002     -1.567     17.371 2
  39   -2     -0.272     15.283     18.302 2
  51   -2     21.570      8.753     11.393 2
  -1 1184    -13.226     -9.725      9.753 2
  -1   -2      2.008      0.766     18.656 2
  26 1192     22.036      9.365      6.054 2
  62  134      1.832      7.101     12.396 2
  -1 1200      3.243     -5.121     14.469 2
  58 1221      8.671     12.716     16.314 2
  17 1185     15.510     11.506     11.401 2
  -1 1208     17.427     -9.006     17.507 2
  36 1202     23.585      2.048      4.602 2
  14   -2     15.655      9.014      9.482 2
  28 1194     11.989     -0.941      4.333 2
  47   -2     13.347     -9.452     10.225 2
  42 1207      5.176    -15.480     10.578 2
  66   -2     19.808      9.560      1.736 2
  56 1218      8.310     13.256     12.590 2
  73   -2     10.271     11.858     11.431 2
  31 1197    -24.186     -5.482      4.082 2
  65   -2     18.927      6.695     11.190 2
  83   -2    -21.738     -5.129      3.574 2
  46   -2     19.886      5.105     17.137 2
  49 1212     11.873      6.324     19.451 2
  40 1205      4.011     11.727     19.332 2
  37   -2    -25.807     -0.209      1.175 2
   5 1172     -7.475    -15.558     11.303 2
  -1 1244      8.301     -9.885     17.294 2
  30 1196     17.389      9.494     19.515 2
 114   -2    -16.326    -10.503      9.051 2
  80 1239      9.863      5.706     13.137 2
  64 1227    -19.652     -7.480      6.756 2
  87 1246    -20.008     -8.592      9.715 2
  63   -2    -21.358     -3.248      2.356 2
 116   -2    -17.991     -8.360      0.658 2
  81 1240     11.279      6.683     11.218 2
 159   -2     12.137     13.504     11.065 2
  24   -2     18.410      7.364     11.784 2
 134 1278     21.910     11.297      6.053 2
  52 1215    -23.907      4.379      4.435 2
  50   -2    -16.789      7.135      6.610 2
  61 1224     12.801     -8.588     17.009 2
 122   -2    -23.998     -9.305      2.446 2
  79 1238    -25.837      3.957      0.771 2
 108   -2    -23.307     -3.547     -0.146 2
 407 1446    -14.111    -11.635     11.917 2
  91   -2     14.056      6.689      9.467 2
  22   -2    -18.763    -10.144     18.866 2
  38 1204      8.759     -5.633     16.647 2
 136   -2    -16.247     -8.877     11.432 2
  82 1241     10.968    -10.999     14.462 2
 239   -2     20.629     11.144      3.806 2
 173 1305      1.315      7.752     13.786 2
  -1   -2     -7.844      1.118     -0.831 2
 107 1260    -18.655     -7.285      7.047 2
  96 1251     12.481      6.970     13.784 2
  70   -2      6.903      0.624      6.315 2
  25   -2     21.197     10.223      5.938 2
 115   -2      8.295     17.273     12.278 2
 118 1267      5.487      9.330     14.845 2
 170   -2     17.119     -2.626     12.602 2
 121   -2     11.143      0.072      8.223 2
 149   -2      8.946    -14.118     19.344 2
 126   -2     18.298      1.834      8.068 2
  -1   -2      1.710     11.205     11.788 2
  43   -2    -19.814      0.037      5.098 2
  77   -2     -9.134    -12.123      4.293 2
 125 1270      7.847    -10.325     19.274 2
 127 1272     -6.888      2.932      5.901 2
 102 1257      9.815     -9.341     15.978 2
  60   -2      7.815     13.156     11.798 2
 128 1273      3.425     11.196     12.388 2
 521 1513     16.140      5.048    -11.779 2
 150 1288     12.963      4.784      7.683 2
  76 1643    -15.195      1.714      7.894 2
 106 1259    -14.957     -9.297     12.666 2
 117   -2     22.043     10.383      9.790 2
  -1 1381     10.746      4.316      7.231 2
  89 1644      6.258     -5.723     19.677 2
  -1 1256     -1.767      7.910     15.591 2
  86   -2      3.874     13.293     17.342 2
 138 1645     16.354     16.651     19.145 2
  -1  313     14.560      5.102     11.115 2
 157 1293     22.561     -5.068      7.831 2
  -1   -2     -7.160     -8.834     11.819 2
  95 1250     22.689     -6.295      7.300 2
  98 1253     18.792      7.110     14.610 2
  94 1249    -23.651      3.738     -0.904 2
 238   -2    -22.281     -8.826      2.076 2
 315 1399     13.033     10.780      2.847 2
  -1  649     19.025     11.422      1.708 2
 165 1298      9.433     18.222     19.700 2
  90  100      8.785     -1.437     15.089 2
 655 1563     -7.479     -9.595      6.882 2
  71   -2      9.451     12.924     18.817 2
  97 1252     11.544     -7.277     15.520 2
  -1   -2      5.633     -0.100     11.575 2
 187   -2     -8.541     -8.676     10.647 2
 123   -2      4.571      1.408     15.183 2
 161   -2     17.019      5.768      8.408 2
 200   -2      4.007     -9.666     15.171 2
 129 1274    -17.308    -13.221      7.063 2
 191   -2    -19.446    -10.560      5.803 2
 177   -2     23.573     -0.058      7.882 2
 282 1384      4.216     15.663      9.672 2
  -1 1302      0.919      5.700     11.703 2
  88 1247    -20.795      3.320      8.324 2
 230   -2     16.172      4.041      5.291 2
 139 1280    -14.922      2.392      6.973 2
 182   -2    -22.030     -6.516     -0.475 2
 225 1341      0.455     12.480     11.842 2
 143 1284      0.368    -14.001      8.935 2
 174 1306    -23.203    -12.063      7.773 2
 204 1326      5.339     -9.072     15.623 2
 212   -2      3.574     -4.512     12.482 2
 196   -2    -21.652     -4.785      5.377 2
  -1 1276      3.136      3.951     14.202 2
 252   -2      0.879     13.611     16.244 2
 179   -2    -23.943     -7.209      5.199 2
 132   -2      3.762      5.122      0.765 2
  -1 1290    -20.780     -1.291      9.427 2
 504 1646     11.243     -6.812      4.939 2
  -1 1344     13.125     -4.788     11.823 2
 176   -2      1.450      6.634      2.150 2
 206   -2      3.320     10.182     11.680 2
 152   -2     -7.232      6.819     18.056 2
 192 1319    -15.137     -3.821      0.844 2
 566   -2     -5.022     -4.058     19.859 2
 247   -2      3.651      6.428      9.634 2
 253 1366      3.509      7.394    -19.389 2
 244 1361    -16.283     -0.669     -0.583 2
 205   -2    -16.144     -3.966      1.581 2
 154 1292     10.529     -9.171      7.262 2
 232   -2    -20.070    -10.759      9.767 2
  72   -2    -23.762     -2.950      3.313 2
 242 1358      5.446      1.403     18.284 2
 158  594     -3.131      7.979      7.284 2
  -1 1282    -13.361      1.326      3.552 2
 188 1316      1.599     10.797      1.945 2
 284 1385    -19.272     -6.414     -3.690 2
  -1 1329      2.535      0.572     15.264 2
  -1   -2      7.961     -2.611     18.695 2
 249   -2     24.136      2.746      3.675 2
 197   -2     -0.796     -6.236     19.783 2
 195   -2      9.590      5.968     15.958 2
 208 1330      0.488      6.759     18.240 2
  -1   -2      6.639      0.032     13.068 2
  -1 1311     -2.354      5.011      4.274 2
 146   -2    -20.150     -9.534     10.793 2
 109  315      5.318     17.263      9.151 2
 260 1371    -14.534      4.778     15.233 2
 341   -2    -25.063     -6.491     -1.514 2
 241 1357    -14.402    -12.571      5.283 2
 274 1378     15.060     10.272     19.368 2
 689   -2    -19.097     -0.219      3.375 2
 214   -2     15.110     15.966     17.069 2
 162   -2    -16.850     -7.084      9.248 2
 171 1304     12.843     -1.151      7.405 2
  68 1231    -24.416     -2.575     -1.841 2
 226 1342     25.857      1.979      2.833 2
 587 1541    -19.949     -3.763     -4.382 2
 264 1373      0.303     10.209     14.078 2
 227   -2    -17.652    -11.346      4.810 2
  -1   -2    -12.639     12.433     19.241 2
 269 1376      0.346     11.237     17.630 2
  -1 1339    -15.560      5.958     19.030 2
 221 1338     14.061     16.977     16.899 2
 251   -2     -6.615     -6.956      6.752 2
 294   -2    -21.721      3.453     10.598 2
  -1 1307    -10.351      7.576      6.478 2
  -1   -2    -10.068     -0.788     14.828 2
 213 1332      2.206     17.252     15.061 2
  -1   -2    -11.282      2.208     15.558 2
 318 1401     -9.224     -4.409      1.859 2
 283 1647     -6.564      8.287      3.872 2
 280 1383     -8.901      9.085      2.895 2
 166   -2      4.902     15.816     12.595 2
 263 1648     -4.049     -6.791      2.659 2
 323  216    -23.391      5.911      4.942 2
 220 1337      6.044     15.955     13.316 2
 268 1375     22.608      0.367      3.057 2
  -1   -2     -3.153      5.407     19.123 2
  -1 1351      3.515     11.950     11.221 2
 312 1397     24.613     -2.489      4.640 2
 303 1395     10.695      2.811      2.352 2
 275   -2      2.591     14.688     10.591 2
 307 1396     -0.867      6.264      6.903 2
  -1  354    -20.251    -10.207      1.423 2
 316 1400     22.742      5.035      3.249 2
 337  371    -21.895     -9.203     10.338 2
 327   -2     16.641      1.408      3.715 2
 287 1387    -13.896     -7.169      1.384 2
 377 1649     15.506      4.503      2.150 2
 353 1419    -20.482      7.231      4.142 2
  -1 1403     -4.636     14.825     15.586 2
  -1   -2      9.849     11.937      2.879 2
 292 1390     -7.077    -14.894      6.681 2
 366 1427     13.155     13.375      1.673 2
 506 1507     -9.524     11.051      3.527 2
 293 1391     15.879     12.057      4.040 2
 231 1347    -11.814     -9.584     -1.105 2
 216   -2     -0.844      8.154     12.506 2
  -1   -2    -17.293      8.433     13.849 2
 300   -2     -8.161      6.718     -0.044 2
  -1   -2    -10.364      6.184     -0.545 2
  -1 1407     -9.447      1.431      1.070 2
 290 1389     23.167      5.306      0.831 2
 670   -2    -17.235     -0.506     -1.095 2
 237 1353      4.733      5.134     -4.659 2
  -1   -2     -5.630      9.294     16.742 2
 320 1404     21.534     -7.883      7.326 2
  -1 1360     -0.050     15.423     13.584 2
  -1  214      9.735     10.433      8.350 2
 322   -2    -24.560      5.295      0.343 2
 385   -2     20.595      7.359      1.664 2
  -1 1426     12.857      7.521      3.243 2
 383  385    -23.131     11.235      4.036 2
 394 1437    -23.848     10.645      4.724 2
 334 1409     -7.940     16.937     14.113 2
 302  304      1.439     13.937      4.384 2
 371   -2    -17.203      9.805      2.498 2
 363 1424    -14.584      9.233     -0.754 2
 313   -2    -16.769      3.479      8.173 2
 357   -2     -6.810     16.928     15.923 2
 354  376    -11.415     -6.027      1.567 2
 392   -2     -9.754    -13.751      1.781 2
 355 1421    -20.605      9.083      5.611 2
 378   -2     10.235     15.082      2.228 2
  -1   -2    -25.353     11.428      3.447 2
 399 1439     12.994    -13.182     11.347 2
 410 1448    -21.239     -9.594      6.819 2
 596   -2     17.750    -12.028     -0.770 2
 412 1450     -6.802    -13.382      7.735 2
 403 1442    -17.845     -8.653     -3.692 2
 420 1454    -12.530    -13.804     12.379 2
 444 1471    -14.330     -0.137     -6.907 2
 453   -2    -11.335    -10.876      9.721 2
 649   -2     11.934      1.518     14.516 2
 400   -2     -4.681     -2.446     13.949 2
 405 1444    -14.231     -3.625      1.817 2
 438 1467    -15.565     15.349     18.975 2
 597  858    -12.278     -9.618    -17.225 2
 458 1480     -5.947    -12.561      7.225 2
 441  535    -15.963     13.970      1.228 2
 402   -2     16.787    -12.854      5.992 2
 413   -2     -1.135    -16.011     12.800 2
 518   -2     25.727     12.492      5.740 2
 418 1453     -9.594     11.455     14.334 2
 532   -2     -2.347    -15.814      9.065 2
 424   -2      3.511    -12.341     15.395 2
 229   -2    -11.383     14.951     10.595 2
 452 1477     21.419     -7.585     12.988 2
 439 1468      0.676    -13.022     10.278 2
 421   -2      4.743     -8.829      9.876 2
 434 1464     -8.517    -14.094     15.240 2
  -1   -2     12.639     -4.397      7.446 2
 457   -2     26.714     -0.137      4.583 2
 454   -2     -0.721    -14.415     12.730 2
 492 1502     -5.185    -14.355      9.187 2
 593   -2      3.982     -0.273    -19.449 2
 510   -2     -4.815     -2.466      5.573 2
 450 1476    -16.695     13.547     15.952 2
 727 1586     -6.079    -14.473     14.947 2
 429   -2    -24.477     -4.195      3.129 2
 422 1456      4.416      5.073     -1.402 2
  -1   -2    -10.381    -12.242     10.549 2
 426 1458    -22.674     -9.412     -7.989 2
 491 1650      5.366    -14.100     15.030 2
 461 1482      0.696    -15.648     16.919 2
 544 1527     -2.670    -15.092     18.041 2
 437 1466      2.045      6.172     18.800 2
 550   -2    -11.637      0.165     12.249 2
 423 1457    -22.377      7.258     -7.829 2
 487 1499     23.404      5.578      8.939 2
  -1   -2     14.039     10.642     17.077 2
 534 1521     -9.134      9.294     11.491 2
 459 1481    -11.505      9.970     12.052 2
 507 1508     13.841    -14.357     10.333 2
 401   -2      9.637    -15.239      7.115 2
  -1   -2    -23.981     -2.535     -1.534 2
 483 1495     23.518     -6.112     -1.953 2
 556   -2      8.132     -5.708     11.604 2
 808 1601      9.897    -15.577      5.646 2
 630   -2    -13.807     -6.400    -15.840 2
 585 1540    -16.151      1.587     17.802 2
 569 1536    -11.798     -2.932      6.575 2
 499 1505    -13.917      6.221     10.551 2
  -1 1254      9.066      8.907     12.907 2
  53   -2    -17.584      1.099     10.347 2
 546   -2      2.791    -16.921     14.401 2
 567   -2     26.535     -1.790      3.327 2
 542 1526     -0.233    -12.926      8.885 2
 432   -2     20.588    -11.502    -12.636 2
 611   -2      0.611     -2.983      1.645 2
 554   -2     24.784     17.443      8.399 2
 668  717     -9.727      9.989     14.256 2
 516 1651      9.751      7.091     12.871 2
 486 1498    -16.290     11.850     13.482 2
 539   -2    -15.984    -14.327     12.020 2
 449   -2    -12.815     12.745      8.599 2
 527   -2      8.771    -11.801      7.999 2
 475   -2     -2.710    -12.226     13.920 2
 490   -2      2.958    -17.464     14.059 2
 448 1474     13.866    -10.465     -0.545 2
 484 1496      7.847     -6.770    -11.418 2
 524 1514    -17.451      8.929     19.294 2
 451 1652      4.885    -15.771     11.849 2
 497  653     15.017    -10.629     -2.954 2
 613   -2      4.850     -3.159     15.754 2
 540 1525      7.270     -0.307      8.272 2
 615 1552     12.156     -7.476      6.617 2
 624 1555     -4.568     -8.179     -2.181 2
 552 1531    -10.558      5.325     -8.838 2
 648 1562     12.388     -3.698      5.102 2
 472   -2      5.539    -14.634      7.237 2
  -1   -2      0.618     10.337     12.075 2
 555 1532     21.582      8.456     16.673 2
 638 1560     -7.040    -10.683     15.459 2
 538   -2    -18.077      4.301      1.807 2
  54 1217     18.610     14.007     16.597 2
 464 1484     -4.460    -12.443      5.548 2
 623   -2     19.282     -1.120     15.947 2
 551   -2    -18.082      2.169     10.814 2
 706 1580     24.231      5.251      9.964 2
 616 1553    -19.764    -11.874     13.039 2
 725   -2     16.912     17.675     15.876 2
 468   -2     23.700     15.170     10.727 2
 446 1472     -9.441     -8.505     12.640 2
 526 1515     18.601     -5.118     16.673 2
 545 1528    -14.560      0.275     16.420 2
 578   -2     20.467     -7.525     18.014 2
 695 1577    -25.759      0.704     -0.824 2
 289 1388      3.992     -6.155     -9.715 2
 614 1551     20.473      3.558     -2.217 2
 625 1556     17.681      4.883     -3.974 2
 533   -2     18.795     -1.589     19.914 2
 111   -2      4.123     -4.469     11.002 2
 588  686     -1.235     -2.017     15.227 2
 804 1600     20.525     17.343     10.173 2
 246   -2     -4.056      4.809      9.485 2
 660   -2     -3.830     10.183      8.330 2
 568   -2    -13.208      2.134     18.537 2
 681   -2    -18.326      9.514     15.673 2
  -1  172     -5.063     -2.454      2.243 2
 685 1572     22.315      7.637     -7.772 2
 728   -2    -25.870     -4.901      0.763 2
 642   -2      4.942     10.567      1.028 2
 513   -2    -12.303    -12.831     10.446 2
 754 1653     10.357     -1.758     11.945 2
 590 1542      5.289     -9.053      6.329 2
 760 1593     -7.293    -14.134     -8.878 2
 600 1545      4.097     18.967     15.020 2
 773  812     13.726    -15.967     19.071 2
  -1   -2    -16.405     -3.985      5.020 2
 756   -2    -20.028      9.264      8.098 2
 285 1386     -4.763     17.746     14.962 2
 762   -2     -8.956     -0.978      0.946 2
 731   -2     22.486     16.946     14.213 2
 822 1604    -15.638     12.652      5.640 2
 256 1368      9.799     13.174      8.326 2
  -1   -2    -12.653      7.155      5.063 2
1040 1629      9.102     18.500     16.685 2
 861 1613     18.838     12.545      1.417 2
 784   -2     -7.830    -10.456      0.137 2
 515 1511     -8.782     11.693      8.833 2
 639   -2      8.152    -16.862     11.624 2
 669 1569    -22.905    -14.304      4.777 2
 608   -2      1.244     -5.250      8.883 2
 738 1590      6.503    -13.862      1.878 2
 783 1595      3.833      4.668      2.631 2
 673   -2    -11.230     -5.675     19.100 2
 338   -2     26.384     -1.344     -0.219 2
 846   -2     23.858     -9.837    -10.273 2
 999 1627     -1.361    -10.037     15.937 2
 909 1621     16.640     16.219     19.780 2
 723   -2     19.056    -12.098     14.300 2
 818   -2      1.890      4.323     12.889 2
 691 1575     -8.206     -5.573     11.874 2
 901 1620    -19.995     -9.706    -12.732 2
 372   -2     -9.748     -1.360      0.004 2
 692   -2     19.321     16.089     13.305 2
 352   -2    -10.482    -12.940      4.521 2
 857 1612    -24.117    -13.568      4.715 2
 897 1654     11.917     18.065     13.184 2
 443   -2    -19.707     11.987     -4.646 2
 840 1655     23.908    -13.557      3.940 2
1014 1656     11.668    -16.118      5.964 2
 787   -2    -23.279     13.514      5.801 2
  -1   -2     -3.051     16.910      8.590 2
1063   -2     10.676      5.917    -15.236 2
  -1 1625      0.550     11.763     18.706 2
1035   -2     26.097      7.892      0.287 2
 936   -2    -14.125     17.659      9.744 2
 839  915    -16.976      7.314    -11.987 2
 368 1428    -17.159      9.250    -11.332 2
 879   -2     13.310     13.170     -4.134 2
1004   -2     19.604     12.787     17.715 2
1143   -2     15.012     -8.830      6.373 2
1148   -2     15.111    -12.336     17.146 2
1152 1635     25.747    -10.448     10.828 2
1142   -2     -8.310    -17.351     17.167 2
1153 1636     19.505    -13.340     16.617 2
1162 1157    -18.678    -18.881     18.695 2
1163 1638    -17.475    -18.915     18.983 2
