1181
   0 1196      6.730     -7.863     12.321
   3    7    -20.745     -4.589      9.473
   4 1200     13.032     -3.279     12.383
   2 1198     16.204      9.434     15.351
   8 1204     14.621     15.888     13.199
  55 1244     -7.500    -15.529     11.345
  12 1208     20.642      7.214     15.734
  10 1206     12.609      8.028     10.555
  -1   33     22.106     14.151      9.972
  14 1210     10.578     15.077     17.783
   6 1202     16.989     -7.848     14.622
   9   18     11.179     -3.344      9.634
   5 1201     12.663     15.005     13.743
  19 1214     18.497     -4.293     15.759
  37 1230     15.645      9.002      9.475
  15 1211     18.271     -6.190     14.721
  26   25    -13.120     -9.707     10.004
  34 1227     15.526     11.493     11.388
  13 1209     11.911      8.111     13.400
  22 1217     19.301     10.091     16.079
  23 1218      2.018     -1.578     17.392
  11 1207      9.396     -7.438     15.518
  81 1265    -18.778    -10.117     18.826
  20 1215     10.684    -14.784     17.723
  68 1255     18.404      7.349     11.796
  91 1275     21.188     10.204      5.940
  30 1223     22.024      9.353      6.068
  17 1213     17.441      7.372     10.142
  38 1231     12.033     -0.946      4.411
  16 1212      0.142     13.824     18.894
  57 1246     17.392      9.488     19.528
  44 1237    -24.155     -5.474      4.080
  45   40     13.708      9.768     20.095
   7 1203     11.665     -9.213     11.592
  32   38      3.231     -5.170     14.499
 503  513     14.012     10.652     16.923
  36 1229     23.572      2.042      4.594
  54 1243    -25.743     -0.210      1.181
  82 1266      8.754     -5.654     16.664
  24 1219     -0.281     15.266     18.199
  52 1242      4.037     11.705     19.322
   1  165    -14.218     -3.418     -0.048
  40 1233      5.128    -15.529     10.600
 100 1283    -19.807      0.032      5.048
  35  103     17.340     -9.016     17.526
  87  167     -7.791      1.132     -0.771
  49 1240     19.879      5.089     17.139
  39 1232     13.290     -9.479     10.173
  -1  116    -20.952     -1.974    -13.056
  50 1241     11.880      6.321     19.454
  72 1258    -16.803      7.138      6.508
  25 1220     21.567      8.740     11.383
  71 1257    -23.889      4.383      4.384
 542 1506    -17.598      1.098     10.274
 620 1537     18.579     14.013     16.632
  -1   -2    -22.636    -11.851      8.952
  42 1235      8.341     13.258     12.588
 733   59    -16.368     -4.004      5.016
  33 1226      8.686     12.699     16.298
 531   50     18.450     -8.061     11.735
 109 1288      7.847     13.181     11.827
  73 1259     12.745     -8.620     16.985
  31 1224      1.827      7.088     12.341
  64 1251    -21.318     -3.227      2.334
  60 1249    -19.581     -7.481      6.801
  47 1238     18.918      6.678     11.168
  41 1234     19.790      9.563      1.755
 101  249    -11.957     -9.789      9.052
 242 1376    -24.323     -2.575     -1.827
 124   68     -7.156     -8.795     11.794
  90 1274      6.876      0.617      6.270
 136 1312      9.482     12.908     18.808
 201 1352    -23.687     -2.938      3.341
  43 1236     10.288     11.868     11.439
  -1    4     -4.382    -12.705     -6.593
 104  101      6.800      2.718     12.924
 113 1292    -15.199      1.692      7.834
 105 1284     -9.200    -12.098      4.283
  21 1216      7.562     11.339     15.845
  75 1261    -25.770      3.967      0.769
  59 1248      9.869      5.698     13.110
  66 1253     11.275      6.659     11.170
  84 1268     10.905    -11.046     14.410
  48 1239    -21.702     -5.126      3.558
 462   93     12.684     -4.355      7.632
  56   96      8.248     -9.960     17.265
 120 1298      3.895     13.268     17.322
  63 1250    -19.965     -8.569      9.774
 157 1324    -20.801      3.321      8.248
 118 1296      6.203     -5.767     19.658
 133 1310      8.752     -1.472     15.066
  80 1264     14.043      6.692      9.465
  -1  170      0.147     -6.817     -2.718
  62  140    -16.191     -3.493      8.282
 127 1305    -23.592      3.741     -0.908
 125 1303     22.633     -6.313      7.263
  89 1273     12.479      6.953     13.759
 137 1313     11.499     -7.300     15.513
 126 1304     18.786      7.100     14.606
  -1   -2    -14.432      4.208     14.218
 539   74      9.027      8.917     12.866
 119   88     -1.743      7.857     15.582
 108 1287      9.770     -9.389     15.933
  -1   -2    -18.962      0.351     -0.991
  51  241     14.068     -2.589     -2.322
 305  523     -0.178     -6.658     19.140
 114 1293    -15.007     -9.275     12.528
  88 1272    -18.587     -7.278      7.093
  77 1262    -23.264     -3.540     -0.151
 227 1367      5.309     17.302      9.072
 186  174    -18.012     -1.634     11.262
 666 1554      4.298     -4.340     11.655
  -1   95    -10.304      4.192     10.422
  -1   -2     13.197     -7.183     -7.981
  58 1247    -16.255    -10.498      9.095
  92 1276      8.338     17.300     12.301
  65 1252    -17.952     -8.356      0.656
 115 1294     22.033     10.371      9.787
  94 1277      5.488      9.304     14.777
  -1   -2    -12.873     10.236      4.481
  -1   -2    -11.983     -6.154     19.052
  96 1279     11.105      0.038      8.191
  74 1260    -23.969     -9.296      2.438
 142 1316      4.587      1.429     15.069
  61  161    -17.956      2.210     19.604
 106 1285      7.796    -10.380     19.231
  98 1281     18.250      1.811      8.017
 107 1286     -6.800      2.924      5.967
 110 1289      3.428     11.194     12.326
 150 1319    -17.241    -13.225      7.140
 102  634    -18.230    -12.233     17.642
 169  166      3.148      3.904     14.198
 178 1337      3.765      5.092      0.818
 177  855      4.940      1.126      7.062
  69 1256     21.887     11.279      6.062
  -1   -2    -20.000      6.789      9.151
  83 1267    -16.286     -8.886     11.440
  99  163      1.714     11.177     11.701
 121 1299     16.417     16.680     19.160
 159 1326    -14.921      2.379      6.907
 207  151    -13.323      1.340      3.557
 976  351      8.322      9.164      7.844
 224  175      6.612     -0.025     13.058
 164 1329      0.283    -13.991      8.905
  -1  542      1.210     -9.134      4.385
 284  132      3.816     -2.180     14.999
 226 1366    -20.076     -9.521     10.853
 229  206      8.587      4.125      8.354
 130  219     -9.965      0.017      9.185
  97 1280      8.869    -14.174     19.297
 112 1291     12.935      4.795      7.659
 179  159    -20.754     -1.319      9.439
 191 1343     -7.180      6.821     17.840
  -1  224     20.676    -10.443      9.354
 198 1350     10.473     -9.215      7.191
 200  278     -0.995     14.826      4.377
 187  217      4.778    -14.354     16.592
 123 1301     22.502     -5.081      7.770
 204 1354     -3.148      7.955      7.222
  67 1254     12.161     13.511     11.069
 209   98      6.150     -7.250    -13.805
 143 1317     16.995      5.780      8.345
 239 1374    -16.828     -7.046      9.212
  -1  184      1.286     -1.376      4.912
  -1  182     11.021      4.743      5.513
 132 1309      9.455     18.223     19.686
 272 1394      4.930     15.822     12.596
  -1  133     10.547      1.822     10.238
 251  113    -12.593     12.458     19.162
 156  223      0.932      5.655     11.695
  95 1278     17.116     -2.636     12.618
 240 1375     12.809     -1.178      7.391
 248  216    -11.374     -7.620      9.971
  86 1270      1.348      7.738     13.756
 165 1330    -23.171    -12.039      7.747
 263  186    -10.240      7.640      6.657
 182 1341      1.444      6.603      2.076
 153 1321     23.552     -0.069      7.897
  29  181      2.007      0.682     18.690
 176 1336    -23.917     -7.203      5.195
 225  209     -2.335      4.975      4.167
 206  574     -0.593    -12.488     18.987
 160 1327    -21.996     -6.513     -0.504
  -1  226      1.380      9.112     -8.915
 117  154      0.635     -0.965     18.716
 138  144      5.630     -0.153     11.606
  -1  172     -7.722      3.823      4.215
 140 1315     -8.547     -8.624     10.628
 208 1356      1.603     10.794      1.946
 122  254     14.609      5.087     10.945
 264  128     -9.966     -0.766     14.810
 151 1320    -19.376    -10.560      5.851
 192 1344    -15.101     -3.836      0.825
 287  228    -17.823    -12.438      1.509
  -1  251     -5.592     -9.960     11.435
 221 1362      9.596      5.954     15.955
 168 1333    -21.608     -4.772      5.372
 220 1361     -0.829     -6.299     19.811
  -1  139    -18.008     -2.091     15.745
  -1   -2    -13.575     -2.320    -15.998
 147 1318      4.018     -9.683     15.196
  -1   -2     -2.390      4.186     -8.301
  -1   -2      3.167      3.497     15.104
  -1   90     13.244     13.960     15.485
 166 1331      5.322     -9.142     15.599
 197 1349    -16.106     -3.963      1.553
 190 1342      3.333     10.167     11.657
 215  270      2.537      0.501     15.303
 222 1363      0.488      6.725     18.205
 386  213     -1.155     11.373      8.076
  -1  176     -5.310     -0.728      0.030
 281  145     -3.141      5.347     19.152
 167 1332      3.570     -4.578     12.502
 265 1389      2.223     17.246     15.042
 236 1373     15.125     15.982     17.067
  -1   -2      1.652    -12.376      8.651
 331 1419     -0.796      8.146     12.502
  -1  195     -6.396      2.281     19.415
 216  221      0.280     16.947     15.125
  -1   -2     -0.712     -7.566     19.256
 279 1397      6.076     15.963     13.345
 256 1384     14.077     16.991     16.916
 253  233    -15.393      5.990     19.143
 152  289     13.170    -14.561     15.627
  -1   -2     -6.260      6.081     -3.243
 163 1328      0.450     12.464     11.787
 243 1377     25.842      1.965      2.821
 247 1380    -17.579    -11.346      4.855
 181  240     13.083     -4.843     11.792
 454 1468    -11.365     15.038     10.516
 158 1325     16.113      4.033      5.209
 330 1418    -11.742     -9.585     -1.050
 199 1351    -19.996    -10.755      9.843
  -1  180     -5.974      2.794      6.853
 389  236      0.225     17.285     20.101
 285  265      3.518     11.950     11.142
 614  252      0.708     10.352     12.196
 341 1426      4.825      5.114     -4.714
 128 1306    -22.247     -8.821      2.067
  85 1269     20.627     11.143      3.818
  -1  192    -14.145    -14.990      8.962
 232 1370    -14.326    -12.566      5.375
 202 1353      5.424      1.359     18.296
 355  234     -0.064     15.404     13.518
 196 1348    -16.228     -0.677     -0.589
 189  263     -6.101     -4.710     10.822
 686 1557     -3.931      4.845      9.613
 194 1346      3.656      6.416      9.573
  -1   -2      2.198     -6.710     14.231
 218 1360     24.110      2.734      3.668
  -1  909    -17.697    -11.745     14.621
 258 1385     -6.537     -6.958      6.813
 173 1335      0.917     13.601     16.327
 195 1347      3.503      7.409    -19.385
 172  277    -11.286     11.215      5.562
  -1   -2     -7.762     -3.763    -18.891
 769 1577      9.819     13.236      8.307
  -1   -2     18.369     13.990      9.539
  -1  347    -10.686     13.270      9.473
 217  321      7.947     -2.693     18.716
 228 1368    -14.443      4.822     15.277
 312  314    -23.047    -13.419      4.617
 307  386    -23.980     10.144      6.870
 274 1395     -3.966     -6.807      2.603
 246 1379      0.309     10.172     14.012
  -1   -2      1.245     -5.820     11.958
  -1  121    -16.148     -3.514      5.628
  -1   -2      4.221    -14.021     17.203
 280 1398     22.556      0.335      3.011
 252 1382      0.388     11.204     17.653
 188  193    -10.586     -1.969      5.829
 293  635     -4.118      9.519     11.231
  -1   -2     -0.265      0.833    -10.416
 600  230     -3.259      5.537      9.934
 233 1371     15.066     10.266     19.358
 291 1403      2.590     14.696     10.518
 161  449    -19.081     -5.145     -1.078
 149  577      6.490      8.478     10.001
 266  196    -11.265      2.168     15.615
 116  303     10.686      4.332      7.162
 270 1393     -8.879      9.086      2.880
 696  156     -5.061     -2.495      2.149
 154 1322      4.214     15.686      9.610
 269 1392     -6.487      8.309      3.830
 213 1357    -19.241     -6.422     -3.704
 737 1573     -4.794     17.771     14.834
  -1   -2     16.103      4.830    -16.961
 304 1409    -13.859     -7.168      1.359
  -1   -2    -18.212      0.227      1.435
 658 1550      3.927     -6.179     -9.750
 338 1424     23.159      5.301      0.857
 131  250     18.973     11.447      1.717
 321 1414     -7.085    -14.890      6.691
 328 1417     15.902     12.100      4.064
 262 1386    -21.725      3.478     10.525
  -1   -2      5.791     -7.493     -7.185
  -1  274     19.313      6.426     -0.727
 345  307     -5.635      9.234     16.710
  -1   -2    -11.793      1.591      1.771
  -1  679      0.508     -8.141     18.180
 333 1421     -8.171      6.692     -0.135
  -1   -2     -9.210     -5.028      1.379
 382 1437      1.375     13.949      4.313
 288 1402     10.647      2.829      2.264
 290  272     -0.857     14.290     10.486
 332  285    -17.233      8.519     13.961
  -1   -2    -13.358    -12.196     -9.150
 295 1404     -0.845      6.245      6.778
  -1   -2      4.242     13.127      3.583
  -1   -2    -11.434      7.950     -3.214
  -1   -2    -16.332      5.130     -9.247
  -1   -2    -23.394     -2.879      0.361
 286 1401     24.546     -2.502      4.555
 392 1440    -16.730      3.466      8.182
  -1   -2     18.070      3.659      3.007
 129 1307     13.015     10.843      2.790
 298 1406     22.728      5.024      3.242
  -1   -2    -14.251    -12.914     10.300
 268 1391     -9.155     -4.411      1.898
 314  334     -4.665     14.820     15.445
 351 1428     21.468     -7.902      7.256
  -1   -2      0.538     -1.008      1.134
 358 1431    -24.536      5.285      0.243
 276 1396    -23.347      5.912      4.935
  -1   -2      1.684     -8.797      2.033
 334  364    -10.332      6.161     -0.650
 337  291     -9.418      1.416      0.954
 302 1408     16.590      1.386      3.641
  -1   -2    -17.680     -1.527    -10.720
  -1   -2    -19.736      2.283      3.006
  -1   -2     -7.320     15.448      2.507
 311  271     -6.410     10.538     17.845
  -1   -2     -4.943     -0.586     13.797
  -1   -2      4.860     -0.489     19.256
 378 1436     -7.906     17.013     14.132
 776  340    -12.536      7.215      5.205
  -1   -2     16.284      4.045     -3.617
 299 1407    -21.949     -9.218     10.274
 823 1589     26.321     -1.365     -0.292
  -1  343     -5.623     11.965      2.208
  -1  359      3.619     11.469    -15.076
 230 1369    -25.036     -6.483     -1.531
 257  360      1.748     16.603      8.423
 372  366    -22.234     12.738      1.273
  -1   -2    -19.120     -1.748    -13.544
  -1   -2     -6.604      8.016     -3.323
 485  308    -10.274    -12.190     10.755
 714  358      7.632      6.946     17.001
 325  388    -19.478     11.213      0.974
 516  328    -24.008     -2.482     -1.769
  -1   -2     16.420     13.621      5.991
  -1   -2     -1.124      5.216      9.379
 913 1599    -10.414    -12.937      4.595
 313 1411    -20.470      7.250      4.103
 396 1442    -11.335     -6.038      1.626
 412 1444    -20.600      9.119      5.496
  -1   -2    -11.312    -10.803     -1.847
 395 1441     -6.840     16.954     15.801
 300  394     -0.368      5.066      9.550
 347  311      5.607     -4.770     -1.716
  -1   -2     -6.035      3.232      0.620
 356  258      9.752     10.442      8.212
  -1   -2     10.709     15.418      4.374
 390 1439    -14.500      9.274     -0.593
 317  389      9.823     12.001      2.843
 364  377     12.801      7.541      3.168
 323 1415     13.184     13.434      1.643
  -1   -2     -3.724    -13.487     -4.421
1096 1612    -17.106      9.270    -11.266
  -1  355    -10.054    -13.667      9.551
  -1   -2      6.023      5.030     -0.636
 388 1438    -17.211      9.818      2.389
 880 1597     -9.765     -1.375      0.139
 404  344     -8.602     -3.111     -1.555
  -1   -2    -20.556     10.615     -4.298
  -1   -2     -7.418      0.606      0.824
  -1   -2      6.437     -2.656     -9.780
 309 1410     15.462      4.483      2.076
 414 1445     10.251     15.139      2.197
  -1  721    -11.565     11.254      2.526
  -1   -2     18.494     11.136     -0.451
  -1   -2     -8.559    -11.391     -8.973
1017  387     -3.104     17.005      8.534
 365 1434    -23.106     11.254      4.038
  -1  381     -6.552      5.223     -2.778
 361 1432     20.591      7.343      1.710
  -1   -2     -2.784     -9.699     -8.939
 416  399    -25.305     11.493      3.501
  -1   -2     -2.949      8.927      0.669
  -1   -2    -19.402     10.593     -2.882
  -1   -2      0.654      8.522      3.861
 400  875     -9.572    -14.023      3.068
 407 1443     -9.737    -13.715      1.733
  -1   -2    -12.765      7.891    -10.169
 368 1435    -23.781     10.760      4.619
  -1   -2     10.818    -13.817     15.871
  -1   -2      2.075     -1.990     13.172
  -1   -2    -22.625      2.492      9.377
  -1  416     15.571      6.485      7.020
 422 1447     12.983    -13.199     11.384
 431 1456     -4.704     -2.409     14.014
 514 1496      9.597    -15.272      7.106
 446 1462     16.774    -12.861      6.047
 426 1451    -17.829     -8.592     -3.685
  -1  499     -5.949    -13.197     11.087
 432 1457    -14.229     -3.586      1.852
  -1  465     21.647     14.370      9.083
  78 1263    -14.099    -11.650     11.910
  -1   -2     23.834      6.657     -9.610
  -1  463    -11.804     -3.123     16.385
 423 1448    -21.241     -9.569      6.835
  -1  451      2.648     -2.288     -6.328
 425 1450     -6.813    -13.375      7.763
 447 1463     -1.208    -15.993     12.720
  -1  478      9.148    -11.641     16.403
  -1   -2     -6.399     -7.680      0.520
  -1   -2    -12.778     -5.810     11.873
 673  494      9.321     -4.634    -13.228
 450 1465     -9.540     11.487     14.310
  -1   -2     -9.229     14.974      5.553
 427 1452    -12.521    -13.794     12.411
 458 1471      4.757     -8.853      9.895
 484 1482      4.404      5.074     -1.295
 495 1490    -22.200      7.344     -7.991
 453 1467      3.448    -12.387     15.275
  -1   -2      5.810     -8.290     14.070
 488 1484    -22.634     -9.352     -7.831
  -1   -2      3.763      6.701      1.281
  -1  424     -3.731     -3.011      6.949
 482 1481    -24.431     -4.197      3.147
  -1  459      1.740     -6.208     11.679
  -1   -2     -4.713    -10.780     -8.138
 555 1510     20.566    -11.485    -12.631
  -1  653      1.246      1.281      9.859
 460 1472     -8.552    -14.073     15.258
  -1   -2     -9.857     -8.764     -5.985
  -1  511     -9.075    -15.796     11.313
 493 1488      2.039      6.175     18.817
 433 1458    -15.503     15.426     18.958
 457 1470      0.649    -13.008     10.291
 523  445      2.679     -6.517     10.497
 440 1461    -15.929     13.965      1.247
  -1  556     -8.753     10.617     12.333
 961 1602    -19.642     12.049     -4.554
 428 1453    -14.331     -0.150     -6.714
  -1   -2    -22.142     -3.051     -1.850
 638 1545     -9.450     -8.465     12.691
  -1  431    -19.458     -2.906      3.001
 579 1521     13.865    -10.473     -0.559
 569 1517    -12.762     12.806      8.612
 480 1479    -16.630     13.604     15.962
 584 1524      4.844    -15.820     12.002
 455 1469     21.402     -7.594     13.012
 429 1454    -11.324    -10.864      9.740
 468 1475     -0.761    -14.377     12.785
  -1   -2     14.874     -6.503    -15.550
  -1   -2    -18.793      7.082      9.896
 467 1474     26.707     -0.149      4.559
 439 1460     -5.943    -12.555      7.256
 511 1494    -11.461     10.005     12.027
  -1  647     -4.371     -4.796    -14.463
 490 1486      0.653    -15.615     16.948
  -1   -2     -6.496     -8.271      8.646
  -1  420      1.482     10.194     16.387
 621 1538     -4.457    -12.429      5.572
  -1   -2     -5.931     13.164      8.234
  -1  761    -19.268      9.588     10.878
  -1  471    -17.721     11.227     13.324
 633 1544     23.692     15.179     10.754
  -1   -2     -7.227     15.781     20.251
 537  566      2.564    -16.081     20.078
  -1  437     -6.780      8.506      0.848
 612 1532      5.488    -14.683      7.262
 487  487     -0.301     -6.690     15.157
  -1  450     20.186      3.751     10.040
 576 1519     -2.722    -12.188     13.962
  -1   -2      5.523      5.033     13.342
  -1  475    -14.434    -13.068     -2.585
  -1   -2     -6.047      2.955     16.316
  -1   -2    -15.306     -0.253     10.866
  -1   -2     -3.057     -1.630      0.621
  -1   -2      1.887     -1.179    -16.253
  -1  482     20.105      7.076     13.966
 517 1498     23.495     -6.117     -1.987
 580 1522      7.839     -6.760    -11.396
  -1  457     16.219      1.919     -5.564
 565 1515    -16.206     11.931     13.413
 502 1491     23.393      5.561      8.947
  -1  489     -6.169     11.457      8.172
  -1   -2     -8.019      3.984      7.171
 577 1520      2.841    -17.496     13.934
 489 1485      5.253    -14.175     14.865
 469 1476     -5.202    -14.340      9.248
  -1   -2    -14.345     -0.815      9.629
  -1  533      9.480      6.164     17.657
  -1  526     -3.669     12.760      5.472
  -1   -2     17.232      5.214      4.514
 585 1525     14.990    -10.650     -2.948
  -1   -2     -1.169     -2.854      8.271
 534 1504    -13.861      6.244     10.519
  -1   -2     -6.083     10.586     10.880
  -1  282    -11.485      9.437     16.818
  -1   -2    -23.130     -3.393    -10.309
  -1   -2      0.112     -8.058      7.905
 180 1339     11.265     -6.837      4.979
  -1   -2     -7.091     -1.618      8.635
 324 1416     -9.515     11.073      3.479
 513 1495     13.856    -14.350     10.397
  -1  336    -19.932      9.552      8.730
 557  587     13.148    -14.805      5.464
 475 1478     -4.765     -2.460      5.568
  -1   -2    -12.479      3.448     13.194
  -1   -2     -4.342      0.117     19.143
 710 1565    -12.284    -12.794     10.323
 526  593     -2.787    -11.031     -0.280
 796 1582     -8.750     11.721      8.806
 563 1514      9.657      7.096     13.122
  -1   -2     11.971     -5.931      8.960
 448 1464     25.710     12.466      5.775
  -1   -2      3.154     -8.924     14.017
  -1   -2     17.014     -1.855      3.884
 111 1290     16.097      5.068    -11.797
  -1   -2    -21.731     -3.679      6.746
  -1   -2    -10.976      9.905      8.878
 583 1523    -17.388      8.978     19.227
  -1   -2    -10.536     -5.708    -13.668
 641 1546     18.565     -5.152     16.677
 570 1518      8.751    -11.857      8.009
 574  496     22.229     -4.273     -1.031
  -1  495      8.987     -3.211     10.466
 474  549     -5.903     -4.187     -0.142
  -1  550     -6.045    -15.115     16.939
 451 1466     -2.400    -15.814      9.126
 664 1553     18.790     -1.593     19.944
 506 1493     -9.079      9.317     11.484
  -1   -2     -9.761     -4.125      2.354
 543  438    -12.277      5.800      8.131
 700  600    -12.303     -1.868     12.524
 619 1536    -18.072      4.339      1.815
 566 1516    -16.005    -14.294     12.069
 599 1527      7.300     -0.308      8.294
  -1   -2     -6.246    -10.839      4.495
 552 1509     -0.306    -12.918      8.819
  -1   -2     12.026     -8.365      0.428
 492 1487     -2.728    -15.078     18.016
 644 1547    -14.541      0.303     16.366
 545 1507      2.734    -16.941     14.415
  -1   -2      6.758     -2.265    -15.121
  -1   -2    -24.977    -10.954      0.870
  -1   -2    -12.596      2.165    -11.612
 494 1489    -11.588      0.190     12.239
 624 1540    -18.040      2.194     10.786
 605 1530    -10.508      5.322     -8.725
  -1   -2     -1.080      9.327     -5.443
 558 1512     24.785     17.431      8.420
 617 1534     21.573      8.452     16.668
 522 1499      8.139     -5.730     11.603
  -1   -2    -14.982      6.226    -12.182
  -1   -2    -21.546      3.791    -12.692
 560  554     22.058     -0.843     -7.289
  -1   -2    -20.844      8.760    -11.367
  -1   -2    -10.839     -7.813     11.439
  -1   -2    -24.673      3.624      4.966
  -1   -2    -22.088     -9.549    -11.658
 241  492     -9.699     10.951     20.031
  -1   -2     -5.936     -2.343     13.558
 193 1345     -4.958     -4.075     19.990
 548 1508     26.513     -1.803      3.331
 688 1559    -13.160      2.139     18.538
 533 1503    -11.758     -2.925      6.561
  -1   -2     -6.182     -0.887     14.490
  -1   -2     21.504     15.862     11.112
  -1   -2     10.426     -6.600     -4.565
  -1   -2     -7.330     -9.945     14.067
  -1   -2     -4.125      2.523     17.989
  -1  704     15.223      4.166      7.823
  -1  645    -10.758    -13.011     -7.251
 668  857    -11.577     -2.188      3.850
 645 1548     20.449     -7.540     18.027
  -1   -2      3.063     -7.272     14.334
  -1  491     -8.311    -16.129     14.106
  -1   -2    -21.551      5.155      7.890
  -1   -2      3.323     11.364     14.776
  -1  506      2.816     14.736     -5.099
 162  555     -6.213     -7.510     16.057
 529 1502    -16.115      1.624     17.782
  -1   -2     -7.677     -2.018     15.023
 245 1378    -19.907     -3.763     -4.369
 674 1555     -1.235     -2.018     15.039
  -1   -2     -2.341      7.135     -9.838
 713 1567      5.316     -9.088      6.362
  -1   -2     -2.003     -2.282    -17.001
  -1   -2      0.669     -8.009      8.595
 473 1477      4.010     -0.213    -19.469
 632  637      9.435    -12.216     11.837
  -1  660    -16.816     -0.413    -19.462
 424 1449     17.714    -12.049     -0.712
 435 1459    -12.344     -9.652    -17.287
  -1  572      1.409    -10.734     10.241
  -1   -2    -13.872     -9.496     13.198
 716 1569      4.112     18.970     15.020
  -1   -2     10.861     19.262     10.277
  -1  514    -18.598     -5.760     17.134
  -1   -2    -14.558     -3.232     16.836
  -1  664     -6.606    -10.183     -5.047
  -1   -2      3.209     -7.814      2.777
 572  694     14.656      2.332     -7.548
  -1  678      6.154     -1.284      7.397
 816 1585      1.284     -5.252      8.897
  -1  592    -17.721     -4.237     -0.228
  -1   -2    -14.866     -6.270     -5.054
 556 1511      0.646     -2.992      1.648
  -1  648     13.220     14.135     14.395
 589 1526      4.811     -3.108     15.858
 659 1551     20.451      3.559     -2.171
 601 1528     12.150     -7.495      6.640
 627 1542    -19.751    -11.857     13.051
  -1   -2      7.310    -16.730     13.446
  -1  630     20.322      7.349     -5.931
  -1  586     -5.736      1.684      5.941
  -1   -2     14.305      2.244     -5.667
  -1   -2     -6.673      7.759     18.634
  -1   -2      9.871      2.323     18.678
 622 1539     19.221     -1.149     15.964
 602 1529     -4.597     -8.199     -2.195
 661 1552     17.677      4.880     -3.946
  -1   -2    -21.218      2.616      0.520
  -1  763    -15.579     -8.681     16.574
  -1   -2    -22.648     10.537      3.771
  -1   -2     -5.859      2.848     18.813
 527 1501    -13.782     -6.387    -15.789
  -1   -2    -25.744     -6.915      2.779
  -1   -2    -18.277      5.705     16.902
 538  212     13.572      2.799    -15.265
  -1  474    -14.562     10.754    -12.182
  -1   -2     11.253     17.059      7.439
  -1   -2     -1.391     -0.394    -17.819
  -1  292    -17.652    -13.291     14.831
 618 1535     -7.046    -10.660     15.481
 799 1583      8.178    -16.958     11.706
  -1   -2     -9.858      6.661     10.104
  -1   -2    -12.500     -0.014     -8.558
 705 1564      4.983     10.625      1.004
  -1  557    -10.975    -14.761      9.368
  -1   -2     -8.711      9.949     16.602
  -1   -2    -22.135     -7.889      2.454
  -1   -2    -16.755      8.892     12.909
 745  696      4.029     -7.485     11.203
 611 1531     12.401     -3.710      5.133
 430 1455     11.924      1.503     14.541
  -1   -2      1.373     -8.853      6.990
  -1   -2      1.804      8.946     13.355
  -1   -2     22.256     14.196     12.566
  -1   -2     10.114      1.125     -7.657
  -1   -2    -11.309    -13.557      1.579
 134 1311     -7.450     -9.582      6.897
  -1   -2      6.579     10.690     12.661
  -1   -2     -6.061     10.300     12.935
  -1   41     13.080     11.244     19.557
  -1   -2      2.712      9.183     -8.484
 687 1558     -3.799     10.176      8.337
  -1   -2    -18.992      6.777      4.751
  -1  641      8.858    -14.221      8.233
  -1  560     -4.132      8.988      9.103
  -1   -2    -17.814     -6.254     15.199
  -1  797      9.575    -13.609      3.128
  -1  309     12.350     -8.255     15.320
  -1   -2    -15.788      9.945      8.961
 562 1513     -9.623     10.067     14.358
 813 1584    -22.832    -14.297      4.635
 340 1425    -17.191     -0.516     -1.113
  -1  843     19.736     -5.015     -4.930
  -1   -2      4.999      9.945     -3.421
 820 1588    -11.171     -5.677     19.220
  -1   -2      7.237     10.868     -7.032
  -1   -2      7.191     -6.386     19.914
  -1   -2     -6.605     -2.387     -0.448
  -1   -2     11.920     -2.379    -15.140
  -1   -2     14.380    -11.847     16.997
  -1   -2    -20.506    -11.563     -4.570
  -1   -2     -0.690      2.382    -17.445
 692 1560    -18.202      9.569     15.721
  -1   -2    -16.735     -9.969      1.511
  -1   -2     -2.685     -8.254      5.002
  -1   -2    -12.612     12.067     -5.960
 699 1562     22.316      7.632     -7.750
  -1   -2    -14.986      5.910      3.779
  -1   -2     -2.914     12.048     11.705
  -1  565     12.739     16.759     13.630
 235 1372    -19.044     -0.208      3.356
  -1  741    -20.449      0.212    -11.053
 863 1595     -8.172     -5.559     11.879
 891 1598     19.306     16.100     13.250
  -1   -2    -24.018     -2.683      6.477
  -1   -2     -0.683    -13.569      7.220
 647 1549    -25.728      0.704     -0.876
 877  771     10.363      2.824    -13.966
  -1   -2      3.677      8.289     -2.436
  -1  733     13.330    -10.093     19.297
  -1   -2     11.366     -2.807    -18.965
  -1   -2     21.308     -2.627     -7.692
  -1   -2      4.111     -0.681      2.639
  -1   -2    -10.157      1.580     13.027
  -1   -2     -1.353     -5.521     -2.582
  -1   -2    -12.172     -0.700      6.144
  -1   -2     -1.882      3.106     12.738
 625 1541     24.215      5.232      9.940
  -1   -2      7.943      7.639      2.420
 728  695     18.286      6.162      5.091
  -1   -2      6.112    -13.635     -2.742
  -1   -2    -10.643     -5.223    -13.090
  -1  599    -14.802     -4.977     19.062
  -1   -2     18.937     16.256      8.116
 297  341    -20.230    -10.225      1.417
  -1  267    -16.548     15.397     18.648
  -1   -2    -12.815      4.933      1.580
  -1   -2    -19.585      7.735      0.243
  -1   -2     20.044     -9.357    -15.317
  -1  815      7.342     15.760     17.950
  -1   -2     -8.727     -1.256    -13.620
  -1   -2      1.455     -2.431    -17.192
  -1   -2    -22.695     -7.695     -2.320
  -1  676    -12.793      9.735     18.976
 855 1593     19.006    -12.122     14.295
  -1   -2    -18.898     -2.099    -13.544
 629 1543     16.930     17.696     15.898
  -1   -2      3.916     -7.301     19.368
 481 1480     -6.091    -14.469     15.059
 704 1563    -25.843     -4.888      0.856
  -1   -2    -13.004    -11.399     17.048
  -1   -2     20.460     12.893    -10.950
 752 1575     22.499     16.942     14.246
 730  603      4.454     -2.743      5.775
  -1   -2     18.662     15.275     -0.606
  -1   -2    -13.837    -12.143     11.666
  -1   -2    -20.440     13.833      2.777
  -1  627      8.357     17.686      9.901
  -1   -2      6.858     -2.033      4.640
 817 1586      6.465    -13.903      1.945
  -1   -2    -19.210     -8.532      8.817
  -1   -2    -24.719    -10.586     -2.798
  -1   -2    -18.178      9.028      2.411
  -1   -2     -8.741      4.943     -3.077
  -1  183      1.075     12.768      7.774
  -1   -2     -8.658     16.885      6.355
  -1   -2      9.741     -3.523     10.324
  -1   -2     22.236     10.634      1.548
  -1   -2      4.970      0.979    -12.445
  -1   -2      1.246    -10.368      4.720
  -1   -2     17.561     10.024      0.322
 267  284    -19.739      2.399     14.232
  -1   -2     14.392      4.647     -1.463
  -1  691     12.918     -9.731      4.332
  -1   -2     -1.390     10.072     10.325
 711 1566     10.408     -1.784     11.989
  -1  853      4.054      5.434      0.276
 734 1572    -20.010      9.326      8.096
 691  700     23.202      7.358      1.747
  -1   -2     23.484      9.848     -2.525
  -1   -2     16.681     10.922     18.294
 715 1568     -7.291    -14.129     -8.847
  -1  699    -15.988     -8.576     17.196
 744 1574     -8.913     -0.986      0.936
  -1   -2     18.010     -6.658    -10.309
  -1   -2      1.283     -5.810      9.532
  -1   -2      7.657     -3.484     10.521
  -1   -2      1.948     -1.803     16.945
  -1   -2     10.163     10.220      8.249
  -1   -2     -4.329      8.052     -8.733
  -1   -2     -7.657    -15.404      4.704
  -1   -2      0.629     -5.260    -12.891
 829  933     23.898    -10.093      6.726
  -1   -2      1.289      0.593      3.499
 720 1570     13.656    -15.980     19.039
  -1   -2    -22.478    -14.020     -7.366
  -1   -2     -5.613      2.491     19.700
  -1   -2    -14.944     -0.066      7.403
 697  953    -25.559      2.347      0.057
  -1   -2      8.295     11.855     -5.815
  -1   -2    -21.119      5.415      1.540
  -1   -2      6.649     -1.542      6.081
  -1   -2    -18.602      8.694      0.288
  -1   -2     -1.169      4.097      1.346
 818 1587      3.898      4.663      2.569
 790 1581     -7.782    -10.453      0.131
  -1   -2    -21.885    -14.187      5.166
  -1   -2    -20.219     -2.257     -2.710
1005 1605    -23.231     13.578      5.764
  -1  688     -2.793    -12.179      4.195
  -1   -2      0.961      6.414     13.783
  -1   -2     -7.619      6.568      6.782
  -1   -2     15.705     -6.354     -0.936
  -1   -2     23.799     -1.735      0.982
  -1   -2     -3.385     -0.181      1.382
  -1  346     -2.286     13.342      3.521
  -1   -2      9.408     -4.446      2.997
  -1   -2    -18.316      2.753    -14.551
  -1  706    -18.581    -16.319     -2.912
  -1   -2     19.576      4.591     -1.787
  -1   -2    -12.570    -11.753     13.628
 756  941    -24.000    -12.132      7.275
  -1   -2     -7.158      9.786     -7.945
  -1  746     13.532      4.187     20.017
  -1   -2     -6.955     -2.684     20.035
 677 1556     20.530     17.348     10.179
  -1   -2     -4.340      5.614     -6.843
  -1   -2    -23.303     -7.603     -8.238
  -1   -2      0.194     -9.881     -4.069
 525 1500      9.885    -15.610      5.651
  -1   -2      8.811     12.741     -9.596
  -1  207    -20.798     -7.107      4.792
  -1   -2      2.746     14.935      3.339
  -1   -2     14.246      4.488     -8.839
  -1   -2    -19.424     -8.446     -4.676
  -1   -2      3.264     -3.707     13.200
  -1  720      4.279      4.670      6.414
  -1   -2      5.464     -8.084     19.714
  -1   -2     -3.813    -13.771      6.348
 860 1594      1.920      4.317     12.836
  -1   -2      8.434     -3.351     -3.091
 746  812     23.215     -0.823      1.812
  -1   -2      2.916     11.880      2.105
 761 1576    -15.574     12.686      5.664
  -1  547     20.623     12.822     11.402
 991  825    -20.933     -6.101    -13.678
 788  735      0.005     10.645      5.487
 655  901     -7.351      3.905     -4.369
  -1   -2    -13.468     -9.258    -14.062
  -1   -2    -14.899     10.432     -9.351
  -1   -2      3.612     -5.815      2.792
  -1   -2     -1.221      4.120    -13.681
  -1   -2     -2.623     15.792      2.687
  -1   -2    -13.872      8.390     -5.471
  -1  604     -9.504     -4.925    -15.111
  -1   -2     -0.235     -3.134      2.774
  -1   -2      4.102      0.202     19.795
  -1   -2    -23.101      3.449     -4.611
 326  814      1.387     -9.257      5.578
  -1   -2     10.801     -1.589      6.517
1074 1611    -16.864      7.370    -11.972
 964 1603     23.891    -13.564      3.943
  -1   -2      3.738      6.724     14.135
  -1   -2     11.392      5.512     -0.213
  -1  382    -22.646    -10.128     -5.896
  -1   -2     16.602     -4.152      8.902
  -1  935     -5.007     15.256     11.762
 836 1590     23.825     -9.837    -10.168
  -1   -2    -26.217     -8.270      0.064
 868  863     17.205    -14.635     17.055
  -1   -2    -15.712    -16.074     15.162
  -1   -2     -2.237      7.171      9.400
 988 1067    -13.044     15.856     20.023
  -1  802    -13.601     13.772     12.453
 653  731      3.323     -0.811      4.318
  -1  540    -11.287     -3.431     -0.158
  -1   -2     -7.141      3.654     -8.495
  -1   -2      3.603      9.667     18.148
 937 1600    -24.107    -13.552      4.736
  -1  830      1.458    -11.368    -10.354
  -1   -2    -13.743      7.410    -15.419
  -1   -2     17.486     -4.552    -18.169
 784 1580     18.848     12.590      1.391
 873  917    -15.470    -14.131      8.070
  -1   -2     26.389      1.214     -4.681
  -1   -2      1.304    -12.324    -13.521
  -1   -2    -25.555    -14.117      0.174
  -1   -2     -6.307      6.761     15.611
  -1   -2     -9.124    -14.691     -8.319
  -1  849     19.686      8.951      5.369
  -1   -2     19.711      4.411    -17.128
  -1   -2     -4.853      9.631      7.076
  -1   -2    -18.210     10.276     -1.356
  -1   -2      7.924     16.566      1.340
  -1   -2    -16.091      1.769    -19.599
  -1   -2     22.938     18.639      1.752
  -1  876    -18.878      6.060      8.100
  -1   -2      8.258    -13.654     -7.827
  -1   -2      2.585      9.352      5.082
  -1   -2     -4.057     11.949     13.386
1105 1613     13.274     13.182     -4.006
  -1   -2      9.590     15.503     16.922
 955  878     20.816     -3.856    -12.344
  -1   -2    -21.377    -10.836     12.865
  -1   -2    -19.009     14.096     -3.109
  -1   -2     -0.210    -13.435     -3.492
 876  943     13.530    -16.213      8.283
  -1  823     17.004     -7.662     17.125
  -1   -2     11.998      0.193     -5.947
  -1   -2     -0.008     -9.699     13.732
  -1  324    -21.881      2.593     -4.368
 990  880     19.930      6.953     -5.979
  -1  884     22.358     -1.697    -11.941
  -1  327     -3.896      2.846      1.620
  -1   -2    -23.408      9.591      2.162
  -1  372     13.541      4.607      7.132
  -1   -2     13.018    -10.623    -10.305
  -1   -2     -2.059     -7.860     -8.675
 949 1601     11.876     18.033     13.280
  -1   -2    -12.996    -10.663    -14.770
  -1   -2     10.033    -13.537     -0.453
  -1  826     16.846     19.754      5.436
 872 1596    -20.015     -9.639    -12.714
  -1   -2    -12.516     11.577      2.285
  -1   -2     16.090     16.365     -8.142
  -1   -2     14.370     13.766      4.054
  -1   -2     -3.906    -12.268     -6.472
  -1   -2     17.129     10.150      2.071
  -1   -2     15.201     12.431    -20.124
  -1   -2      3.266     13.600    -15.055
 854 1592     16.659     16.218     19.767
  -1   -2     -9.823     -3.249     17.815
  -1   -2     12.142     -4.886     -0.035
 986  772     15.502     -3.810     19.080
  -1   -2      5.529      6.955     16.575
  -1   -2     16.685    -10.973     -9.884
  -1   -2     -6.174     -2.596     12.218
  -1   -2     -2.396      2.090      6.843
  -1   -2      2.810      1.671     13.244
  -1  886     11.649      8.845     -0.768
  -1   -2    -20.500      6.522     15.224
  -1   -2     -9.464     15.182      8.346
  -1   -2     -1.807      0.978    -17.150
  -1   -2    -20.219     10.949      3.295
  -1   -2     -6.706      1.870      2.689
  -1   -2     13.963     16.152    -11.129
  -1   -2    -16.956     13.226     15.410
  -1   -2     -1.863      1.294      7.798
  -1   -2     14.758      1.119     15.786
  -1   -2    -16.006      2.922    -15.980
  -1   -2    -21.421     -7.695     -2.515
  -1   -2    -21.014     15.207     13.769
  -1   -2     24.039     17.555      3.340
  -1   -2      0.918    -14.966     19.141
  -1   -2    -17.992     -9.140    -17.006
 979  979     19.077    -15.090      8.236
  -1   -2     19.577     12.235      6.794
1070 1610    -14.121     17.768      9.602
  -1  864    -12.541    -13.413      9.116
 933 1017     -3.187     10.144      6.916
  -1   -2     -8.772      3.466     16.559
  -1   -2     -0.474     -7.061     15.253
  -1   -2    -22.990      7.070      8.251
  -1   -2     10.628      3.765      2.270
  -1  354      0.243     10.751     -4.530
  -1   -2     -5.880      6.128     19.527
  -1   -2    -20.995    -10.280      6.957
  -1   -2    -15.725     12.802    -10.373
  -1   -2     14.950     -8.177     -7.390
  -1   -2     -5.773     11.239     12.745
  -1   -2     -7.452     11.915     -1.324
  -1   -2     -6.323    -11.133      2.535
  -1   -2    -15.139     17.234     19.193
  -1   -2    -12.486     -5.927     18.879
  -1   -2      6.462     12.488      4.485
  -1   -2     26.613     10.018     -6.154
  -1   -2      0.785      7.203    -15.127
  -1   -2     -5.487     14.578     -2.652
  -1   -2    -10.028      5.331     -9.973
  -1   -2     13.542      1.808     -2.855
  -1   -2    -11.895    -14.842      9.204
  -1   -2    -22.059     -5.891     -7.575
  -1  914     25.865     -0.810     -2.106
  -1   -2      1.041     14.764      7.191
 695  950     19.934      9.091    -19.354
  -1   -2     18.406      6.362      7.787
  -1   -2     -0.866      9.009    -11.906
  -1   -2      6.855      2.481     -5.928
  -1   -2     11.963      5.487     -2.657
  -1   -2    -15.734      5.910    -19.203
 904  993     20.056     10.442    -13.394
  -1   -2     23.290      5.382     -8.160
  -1   -2      8.310    -11.090      3.025
 945 1080     23.176      0.063     -9.685
  -1   -2     -8.000     10.002      9.652
 958  942      3.837    -15.424     14.522
  -1   -2     21.765     16.990    -11.786
  -1   -2    -15.786     13.511    -11.903
  -1   -2     -2.403      7.504      7.189
1035  376      0.487     11.817     18.546
  -1   -2    -18.147    -15.400      3.370
  -1   -2      0.359     -2.383      2.410
  -1  793     10.881     -3.049     15.147
  -1   -2    -17.033    -11.710     18.632
  -1   -2    -23.941     11.430      4.098
  -1   -2     16.591      8.395     -3.419
  -1   -2     17.872     16.172      6.122
  -1   -2     23.546     10.087     11.940
  -1   -2     18.501     15.935     15.883
  -1   -2      4.913      9.804     -0.728
  -1   -2      6.342     11.973     -9.943
  -1   -2     -7.051    -11.480      7.443
  -1   -2     10.546     -6.599     -8.163
  -1   -2     18.698     12.889    -16.343
  -1  505     -6.141    -11.874      4.729
1020  393     -4.083     16.980      5.810
  -1   -2     20.200      4.458     -8.519
  -1   -2      0.340      9.741      9.316
  -1   -2    -11.777      3.903      1.815
  -1   -2      9.911     -6.213      2.928
 837 1591     -1.372    -10.036     15.944
  -1   -2     19.399     -3.467      7.250
  -1   -2     15.024     14.719     -0.844
  -1  380      5.703     11.934      7.873
  -1   -2    -17.264     15.308     17.158
1115 1614     19.586     12.774     17.679
  -1   -2     -0.307     15.642      9.473
  -1   -2    -14.900      8.044      5.950
  -1   -2     15.215      0.888      6.675
  -1   -2     15.989      3.356     17.120
  -1   -2      5.426     -2.745     11.762
  -1   -2     18.281     12.146     16.288
  -1   -2     15.214    -13.859     12.863
  -1   -2    -20.632    -12.008     -5.637
  -1   -2    -12.291      8.978      2.605
 993 1604     11.565    -16.146      5.772
  -1   -2     -6.746      6.531     -6.484
  -1   -2     20.835      7.692    -18.332
  -1   -2    -19.619     -5.836    -19.276
  -1  895     -2.918    -16.045     10.828
  -1   -2      6.341      5.542     -9.321
  -1   -2     -7.645     15.530      2.527
  -1   -2     15.364      7.678     -1.912
  -1   -2    -10.113      3.648    -15.791
  -1   -2     -8.880     16.859     17.122
  -1   -2    -14.394    -13.188      6.547
  -1   -2      0.786     -0.674      3.584
  -1   -2      4.067     -5.851    -15.954
  -1   -2    -21.317     13.306     -8.471
  -1   -2     17.639     -2.608     18.778
 893  837    -19.336      0.087    -12.046
  -1   -2     20.638      2.568      8.437
  -1   -2     -6.543    -11.315     -9.066
  -1   -2    -22.846     -4.731    -10.245
  -1   -2     11.062     -3.968      0.945
  -1   -2    -20.740     14.003      6.327
1053 1609     26.067      7.944      0.296
  -1   -2    -12.492     -1.247      1.025
  -1   -2      6.842     -0.249    -14.670
  -1   -2     10.189      5.630      2.227
  -1   -2     15.387     -6.770     20.025
 777 1579      9.119     18.509     16.696
  -1   -2     16.192    -10.853      2.333
  -1   -2     15.347     11.537     -6.912
  -1   -2     -3.458    -10.486     -6.462
  -1   -2     22.835     13.024     -6.754
  -1   -2    -12.160     17.828     13.403
  -1   -2      0.728      5.775     -2.329
  -1 1021     -7.472     -2.448    -14.856
  -1 1131    -20.515      7.153     14.551
  -1   -2      5.647     13.777      7.078
  -1   -2      5.187      6.913     -1.617
  -1   -2     11.955     -0.527      4.469
  -1   -2     -6.372     -7.200     16.013
  -1   -2     -3.342     11.423     17.858
  -1   -2     17.086      9.025     18.755
  -1   -2    -19.525      8.011     -4.062
  -1   -2    -24.989      7.435     -1.146
  -1   -2     -2.020      7.092    -20.150
  -1  873      5.996    -11.878     -6.600
  -1   -2    -16.326     16.352      8.167
  -1   -2    -12.823      4.355      3.949
  -1   -2      0.845    -14.050     -3.956
  -1   -2     15.678     10.976     -0.530
1030 1607     10.597      5.942    -15.221
  -1 1086    -19.451     -7.883     16.904
  -1   -2     14.102     10.106    -18.977
  -1   -2     14.777     -1.119     -8.552
  -1   -2     -8.378      6.836      7.577
  -1   -2    -13.004      5.026     11.594
  -1   -2     -3.559     10.376     -3.754
  -1   -2      6.532    -14.079      1.040
  -1  889     24.703     18.679      1.532
  -1   -2     14.330     15.347     -5.510
  -1 1109     13.984      0.207     -2.517
  -1   -2      2.487     -6.447     -5.511
  -1   -2    -19.683     15.591     15.238
  -1   -2     19.286     -0.407     18.003
  -1   -2    -12.765     13.535     11.112
  -1   -2     21.503     17.143      8.897
  -1  859    -21.882    -12.429      6.031
  -1   -2      0.920     -5.664     -1.363
  -1   -2    -21.033     -6.678     11.979
  -1   -2      4.123     11.863    -11.123
  -1   -2    -17.466     13.923     10.336
  -1   -2    -21.662     15.527      3.761
  -1   -2      3.211     -4.719      7.888
  -1   -2    -19.708     13.160      1.467
  -1   -2      0.391    -16.040     16.869
  -1   -2    -19.749     -6.542      9.603
  -1   -2      1.142    -13.410      8.504
  -1   -2      2.165     14.333     -8.357
  -1   -2     -5.754      0.765    -13.812
  -1   -2     -4.113     12.765     -3.205
  -1   -2     12.490     14.465     13.445
  -1   -2    -11.339     16.480     17.876
  -1   -2     -8.140     -8.575     -4.911
  -1   -2      1.435      2.712     -2.789
  -1   -2    -18.141    -11.645    -17.745
  -1   -2    -22.931     15.865      6.019
  -1   -2    -19.129     -0.728     -5.680
  -1   -2     -4.513     -5.938     -5.591
  -1   -2    -17.691     10.178     -0.156
  -1   -2      1.859      9.080     16.144
  -1   -2    -20.897      9.495      4.961
  -1   -2    -13.346     11.371     -0.257
1119 1084     21.672      4.837      4.722
  -1   -2      6.151     11.934    -20.108
  -1   -2     -9.416     15.793     18.692
  -1   -2     24.345      7.907      3.371
  -1   -2      8.566      9.465      6.015
  -1   -2     15.468    -11.268     13.482
  -1   -2     -1.544     15.375     16.959
  -1   -2    -25.778      2.932      0.742
  -1   -2     21.752      5.590     -2.785
  -1   -2     16.615      3.297     -8.728
  -1   -2    -23.831     12.714      0.109
  -1   -2    -15.007      5.849      5.014
  -1   -2     -1.683     16.273      9.318
  -1   -2     13.448      8.428      7.522
  -1   -2     18.087     16.799      3.092
  -1   -2     -1.796      7.353     -7.613
  -1   -2    -11.160     16.449     12.341
  -1   -2     26.076     15.052      6.886
  -1   -2      5.902     11.464      3.318
  -1   -2     18.619     13.821    -18.758
  -1   -2    -20.005     16.888     10.662
  -1   -2     -7.387      5.362      4.493
  -1   -2      5.004    -13.918     -2.180
  -1   -2    -18.839     16.711      1.380
  -1   -2      8.587    -15.805     -0.985
  -1   -2     -8.943     -8.408     -7.915
  -1   -2     -0.402     17.288     18.691
  -1   -2    -20.581      4.648    -10.043
  -1   -2     -5.934     -4.798     -1.307
  -1   -2    -17.788     12.651      8.291
  -1   -2      9.007      6.326     -5.600
  -1   -2    -13.793     17.074      1.909
  -1 1142     -9.611    -15.656      3.367
  -1   -2     18.422     -7.689     -0.073
  -1   -2     17.602     -5.635    -10.646
  -1   -2     -6.082     14.074      0.535
  -1   -2     23.968    -11.753     10.037
1164 1618     -8.344    -17.332     17.245
1149 1615     14.989     -8.854      6.365
  -1   -2      3.978    -16.076     20.010
  -1   -2    -17.824    -18.898     16.952
  -1   -2      8.900    -17.200     18.289
  -1   -2     21.397    -13.685     13.377
1150 1616     15.109    -12.361     17.130
  -1   -2     21.663     -4.746     18.556
  -1   -2     -1.331    -16.490     11.271
  -1   -2     15.469    -16.712      6.364
1157 1617     25.733    -10.445     10.856
1166 1619     19.471    -13.365     16.616
  -1   -2     17.344    -14.353     12.129
  -1 1177     19.621    -14.158      8.190
  -1   -2      7.935    -18.664     16.291
  -1   -2    -11.378    -15.793     11.982
  -1   -2     23.123    -14.273     10.341
  -1   -2     13.757    -14.781     11.691
  -1   -2    -13.846    -15.471      9.623
  -1   -2     20.638    -11.599     18.356
1169 1620    -18.683    -18.859     18.631
1182 1621    -17.490    -18.919     19.009
  -1   -2     29.169     -9.177     12.438
  -1   -2    -19.071    -17.004     17.541
  -1   -2    -19.321    -14.811     14.847
  -1   -2     22.176    -10.885      8.790
1180 1189     27.344     -8.637     18.162
  -1   -2     30.187     -6.058     14.136
  -1   -2     17.384    -15.666      0.971
  -1   -2      2.201    -14.527     13.787
  -1   -2    -22.825     18.328      3.599
  -1   -2     16.125     16.183    -13.644
  -1   -2      7.232    -11.440     19.649
  -1   -2      5.562     18.993     19.620
  -1   -2     -3.370    -15.190     14.978
  -1   -2    -15.212      4.103    -17.586
  -1   -2    -12.348    -12.392      3.625
  -1   -2     21.166     17.975     -6.931
  -1   -2     -5.791    -12.930     15.051
