2300
  -1 1742    -11.471     -5.229      4.976
  -1   -2     13.001     11.329     19.544
   2   -2      8.783     -5.508     16.516
  -1   -2     22.065      9.435      6.032
  -1 2054     22.068     10.451      9.780
  -1   -2     20.669      7.262     15.757
  -1   -2     16.182      9.503     15.420
  -1 1988     12.568     15.000     13.676
  -1   13     17.046     -7.792     14.522
  -1   10     18.515     -4.280     15.698
  -1 1676     18.440      7.439     11.827
  -1   -2      9.404     -7.299     15.401
  -1   -2      9.393     12.992     18.797
  -1   -2     13.051     -3.228     12.285
  13   38    -20.899     -4.678      9.521
  -1 1991     18.323     -6.144     14.601
  -1 2007      3.923     11.813     19.375
  30   -2      0.449     -8.246      8.856
  31   20      6.225     -5.674     19.447
  -1   -2     18.826      7.153     14.629
  -1 2019     12.806     -8.573     16.858
  -1   -2    -16.014    -12.889      3.415
  39 1219     21.724     14.369      8.932
  -1 1306     10.982      4.608      5.641
  -1   -2     10.178     11.796     11.408
  -1   -2     15.467     11.570     11.393
  -1   -2     15.665      9.068      9.513
  -1   -2     17.372      9.516     19.526
  -1   -2    -18.131     -8.371      0.669
  -1   -2     12.006     -0.913      4.441
  -1 2037      3.794     13.385     17.396
  -1   -2     14.817     12.312     12.710
  -1 1682     19.312     10.119     16.118
  -1   -2     18.321      1.865      8.093
  -1 2147    -24.240     -2.480     -1.829
  -1   -2     10.765    -14.674     17.697
  -1   -2     11.711     -9.087     11.452
  48 2239      4.487      1.456     15.067
  -1   -2      1.945     -1.509     17.258
  -1   -2      3.112     -5.092     14.366
  -1   -2     19.908      5.111     17.142
  -1 2014      8.187     13.187     12.558
  40 1987     11.176     -3.291      9.552
  -1 1985     10.464     15.131     17.823
  -1   -2     18.965      6.760     11.240
  -1 1495     17.511      7.444     10.249
  -1   -2    -19.537    -10.629      5.850
  -1   -2     14.110      6.712      9.565
1238 1724     12.968      4.714      7.760
  -1   67      0.708      2.405      8.056
  -1 1240      5.411    -15.285     10.522
  -1   -2      7.507     11.433     15.937
  -1   -2    -21.896     -5.153      3.644
  -1 2017      8.598     12.812     16.359
  -1 2021    -19.759     -7.544      6.814
  -1   -2      8.718     -1.407     14.985
  -1 2012     21.612      8.784     11.433
  -1   -2      6.663     -7.655     12.268
  -1   -2    -14.685      4.647     15.392
  -1   -2     14.552     15.862     13.142
  -1   30     -9.277      6.879     14.513
  -1   -2      0.041     13.899     19.006
  -1  142    -18.100     -1.765     11.326
  -1   -2      8.966    -14.010     19.235
  -1   -2    -16.329      7.102     11.283
  -1   47    -16.306     -3.614      5.717
  -1   -2    -23.484     -3.554     -0.127
  -1   -2     13.158     14.025     15.524
 144  682      2.392      7.496      5.223
  -1   -2     12.701     -4.290      7.523
  -1 2011     11.841      6.351     19.443
  -1 2047      8.982      8.958     12.966
  -1   -2     12.652      8.045     10.709
  -1   92    -17.079      6.986      6.621
  -1  106     18.501     -7.994     11.605
  -1   -2      9.567      6.016     15.972
  -1   -2    -17.947     -9.000     -4.160
  -1   57      3.182     11.187     12.305
  -1   79    -17.094     -7.054      9.231
  -1   -2    -14.874     -5.151     18.936
1286 2242    -16.582     -4.034      5.071
  -1   -2     23.633      2.105      4.680
 266 1382    -12.795     11.635      2.617
  -1   23      6.756      2.735     12.896
  -1   -2      8.281     -9.767     17.198
  -1   -2    -23.264    -12.132      7.786
  -1   -2     -8.506      4.946      2.207
  -1   -2      9.798     -9.223     15.857
  -1   -2    -14.150    -11.722     11.959
  -1   -2    -13.264     -9.763     10.011
  -1   70     17.387     -8.969     17.432
  -1 2209    -16.317      1.478     17.808
  -1 1296      1.218    -10.333      4.569
  -1   -2      9.858      5.762     13.183
  -1   -2     18.998      3.118      5.500
  -1   -2      0.840    -13.048     10.119
  -1   -2    -18.759     -7.350      7.111
  -1 2020    -21.572     -3.247      2.383
  -1   -2     -0.331     -6.734     14.984
  -1  169     22.624      0.378      3.092
  -1   -2      7.838    -10.210     19.163
 607   75    -10.347     -0.878     12.261
 100   78    -20.135     -8.669      9.905
  -1   -2    -22.398     -8.851      2.093
  -1  147      3.958     -9.599     15.058
 235   -2    -22.610     12.340      1.346
  -1   -2     11.908      8.241     13.462
 148   -2     -6.501      2.208     19.314
  -1   -2    -16.987      3.390      8.204
 132  172      2.564      5.759     20.129
 177 1326     -0.230    -13.388     -3.507
  -1  137    -11.838      9.338     16.853
  -1  164      0.741      5.712     11.719
  -1 1737     13.228    -14.496     15.538
1712 2080      1.190      7.814     13.797
  -1   -2      1.529     11.194     11.746
  -1   -2    -17.794      6.196     -5.770
 120   72      7.269     -5.721      3.119
  -1   -2      9.469      6.191     17.641
  -1  204      0.312      1.526     -3.002
1296 2243      9.320     18.239     19.776
  80  717     -0.875      8.444     13.100
  -1   -2     23.621     -0.026      7.886
  -1   -2    -14.448    -12.642      5.285
  -1   -2    -12.411     -3.153      1.586
  -1   97    -24.226      4.246      4.431
  98   -2    -18.120     -2.297     15.815
  -1   -2      1.660      7.141     12.420
  -1   -2    -20.028     -0.016      5.098
 188   -2     -4.226      3.143     15.908
 160  181     -7.293     -8.857     11.681
 195   66      4.563     15.824     12.619
 139 1820     -4.599     -0.456     14.334
1755   -2    -14.142    -15.072      8.834
  -1   -2     10.974    -10.896     14.307
  -1 1753    -17.351    -13.300      7.076
  -1 1320     11.069      0.068      8.189
 115   -2    -24.091     -7.225      5.224
  -1   -2     -7.067    -14.931      6.655
  -1   -2    -13.564      1.324      3.644
  -1   -2    -11.445      0.474     13.487
  -1   -2      5.372      9.403     14.900
  -1   -2     -7.618     -9.646      6.771
  -1  100    -14.706     -2.237    -14.040
  96   -2      9.128    -11.451     16.203
  77  135    -17.588    -13.320     14.938
 126 1295     -4.055      4.919      9.806
 189  231    -22.931      4.040     -4.984
  -1   84     -1.531      6.137     16.133
 206 1343     16.309     16.586     19.245
  -1   -2     13.100     -4.760     11.675
  -1  115      6.361     12.277      4.543
  -1   -2     11.271      6.687     11.302
  -1   -2     -0.823      8.156     12.303
  -1   -2     -5.010     -4.926      3.772
  -1  216     10.502     -9.045      7.029
  -1   -2    -14.087     -7.166      1.348
  -1 2061     21.940     11.380      5.977
  -1   -2      7.681     13.031     11.785
 107 2043     22.721     -6.295      7.185
 202  160    -20.346     -9.552     -7.328
 211 1348     -7.117     -1.863      8.555
  -1   -2     -9.791     11.025      3.325
  -1   -2      8.889     -3.150     10.296
 162 1315    -10.903      5.987     12.423
  -1 2076     10.529      1.848     10.274
  -1   -2     12.033     13.472     10.958
 154  167      2.417      0.564     15.216
  -1   -2      4.109     -4.285     11.397
 133  138    -11.766     -6.515     19.490
  -1  163      4.041     15.581      9.602
  -1   -2    -26.026     -0.206      1.212
  -1   -2     -0.135    -13.015      8.667
  -1   -2      8.115     -5.592     11.604
  -1  157      5.358      1.444     18.191
  -1   -2     21.546     -7.879      7.151
  -1   -2    -17.475     -0.512     -1.074
  -1  116    -16.361     -3.565      8.258
  -1  291      5.553     11.048     -7.412
  -1   -2    -16.476     -0.644     -0.543
  -1   -2      6.480      0.081     12.974
  -1   95     10.816      1.143    -10.159
  -1  108      0.311     12.491     11.848
  84   -2     -7.643     -2.092      1.943
  -1   -2    -20.131    -10.855      9.870
1283   -2     -2.636     10.804      7.616
  -1 2090    -21.806     -4.812      5.422
  -1   -2     15.023     10.311     19.358
  -1   -2     -4.031     16.623      5.973
 230   -2    -13.246      1.909      1.547
 179   -2    -22.559      1.394     -2.377
  -1   -2      0.230     16.965     15.144
 170  139      3.088     -6.927     16.926
  -1   -2    -12.011     -2.978      6.514
  -1   -2     -0.354     15.325     18.348
  -1   -2    -12.108     -9.874      9.073
  -1  101    -19.188     -9.113     11.344
  -1 1998     21.237     10.272      5.925
  -1   -2     22.599     -5.069      7.702
 176 1325    -15.329     -3.800      0.894
  -1  128     20.770    -10.389      9.215
  -1   -2    -15.152      2.348      7.046
  -1 1843      0.816     13.718     16.439
  -1 1903     -6.623     -8.334      8.600
  -1   -2      5.538     -0.117     11.536
  -1   -2     -2.550      5.075      4.277
  -1   -2    -17.742    -11.418      4.829
  -1   87     20.401     12.807      4.502
  -1   -2      5.252     -8.983     15.511
  -1 1812    -13.573    -12.465     12.352
 182   -2    -15.677      5.783     19.263
  -1 2227    -20.968     -7.151      4.929
  -1   -2     -4.764     14.771     15.573
 744 1593     21.141     13.455     15.219
  -1   -2    -24.323     -5.509      4.095
  -1   -2      0.541     10.407     12.207
  -1   -2     -5.510      5.967     18.397
 241  186      1.929      0.749     18.545
 106   -2      0.133     10.280     14.058
  -1   -2     12.498      7.046     13.836
  -1   -2     10.668      4.248      7.224
 796  199     20.686     12.798     11.491
 249 1755    -23.899      3.692     -0.871
  -1   -2      3.352     11.849     11.228
  -1   -2    -22.152     -6.520     -0.403
  -1   -2      5.903     15.936     13.274
  -1  224      0.474    -14.033      8.623
 192 1801      5.157     -3.130     18.569
 247  236      5.351     -2.682     11.640
  -1   -2     26.409     -1.320     -0.298
  -1   -2     -9.005      9.108      3.047
1319  212    -23.724      5.696      4.965
  -1   -2    -21.060      3.151      8.368
 178   -2    -10.466      7.615      6.791
 112 2244    -10.159    -13.736      9.281
  66 1244    -23.648     -2.900      0.432
  -1   -2      1.264     -9.272      5.474
  -1   -2     24.199      2.799      3.699
  -1 2078     17.165     -2.600     12.534
  -1  279     14.587      7.414      3.688
  -1   -2    -11.986     -9.564     -1.099
  -1   -2     16.645      1.424      3.711
 666  148     -2.015      7.967     15.493
  -1   -2     24.273      9.887      0.755
  -1   -2     -6.186      7.671     18.905
  -1  191    -20.217     -9.637     10.890
  -1   -2    -17.763      0.983     10.422
  -1 2218    -19.283     -0.246      3.483
  -1  260      7.961     -2.590     18.631
  -1  262      3.166     10.122     11.742
  -1   -2     22.813      5.075      3.317
  -1   -2    -11.300     -2.153     -2.954
 228 2027    -23.909     -2.951      3.475
 277 1391      5.241     17.206      9.004
  -1  293    -14.345     -0.668      9.364
  -1  251     16.235      4.023      5.289
 271 1847      2.628     -2.638     17.411
 187   -2    -10.136     -0.881     14.974
  -1   -2     13.581      4.549      7.092
  -1  243    -11.537     -7.667      9.927
  -1   -2    -20.937     -1.408      9.489
  -1   -2    -24.115     -9.329      2.508
  -1   -2     -3.915    -13.409     -4.808
  -1   -2    -19.743      1.135      3.296
 299  315    -21.134      8.143      4.149
  -1  491     -4.260      9.528     11.306
 321 1410     -5.066     -6.147      0.040
  -1  237      9.668     10.226      8.292
 274  287     -6.633      8.365      4.025
  -1 1589     -0.322     -3.089      2.906
  -1   -2      8.513      4.065      8.454
  -1 1800     24.621     -2.473      4.555
  -1   -2    -12.766      7.198      5.287
  -1 2127      0.254     11.299     17.664
  -1  265      0.947     12.728      7.694
  -1   -2    -17.804    -11.827     14.651
 339   -2     -4.019     11.501     16.492
1138   -2     -5.964    -14.604     14.823
  -1  310     -2.841     -2.671     18.870
  -1   -2     -9.473     -4.370      1.832
 350  268     -8.133      9.343      6.236
  -1 1379    -14.026      0.020     -2.870
 640 1561     -2.725     12.619      3.709
  -1   -2     -5.529     -0.620      0.207
  -1   -2    -11.382      2.067     15.724
  -1   -2    -20.956     -3.503    -12.099
  -1   -2     -6.197      2.807      7.031
 268 1828    -10.709    -11.390      0.722
 296 1405     -6.752     -4.220      4.463
 340  226     12.818     -1.158      7.370
  -1   -2      8.610     -0.232      0.805
 227   -2     -0.926     -1.776      4.543
  -1   -2     20.681     11.169      3.774
  -1   -2     -9.121      7.213      1.723
  -1  245    -16.852    -11.777      4.114
  -1   -2      8.179     17.162     12.181
  -1   -2      2.134     17.287     15.081
  -1   -2     20.154     -5.446      6.405
  -1 2120     -0.134     15.436     13.596
 332  174      4.967      4.793      4.807
  -1   -2      5.558     11.749      7.960
  -1   -2     -5.919    -10.821      3.479
 294   -2    -10.803     -7.577      5.713
  -1   -2      0.361      6.776     18.279
  -1  190     -2.585      7.553      7.146
  -1  252     -9.555      9.471     18.138
  -1 2029     -4.431    -12.758     -6.685
  -1   -2     -4.853     17.668     14.971
  -1  303     10.395     -4.558     -4.590
  -1   -2    -18.138      8.768      2.458
  -1   -2      0.350      3.058     -9.150
 305 2247      2.494     -6.986     13.066
1937   -2     15.531      4.470      2.084
  -1   -2      9.637     12.954      8.185
  -1   -2    -20.906      8.826      5.719
 337 1415     -8.602      1.561     -1.689
  -1   -2     -6.922     16.813     15.875
  -1 2045     11.525     -7.228     15.407
 819  812      3.896     -0.551      2.721
  -1   -2      3.197    -10.198      9.573
  -1  154     -9.865     10.004     14.537
 900  324    -24.895      5.226      0.210
  -1   -2     15.793     11.897      3.959
  -1   -2      4.149    -13.970     17.010
  -1  440    -20.779      7.064      4.147
  -1  343     23.269      5.330      0.896
  -1   -2      2.464     14.658     10.488
  -1   -2     -9.488     14.811      5.335
  -1  282     -6.411    -10.129     -5.543
  -1   -2     25.929      2.031      2.842
  -1  345      3.502     -5.717      2.872
  -1   -2      6.502     -2.652     -9.674
 371  358    -19.679     11.060      1.044
  -1   -2     19.402      6.454     -0.816
  -1  356    -17.474      9.689      2.411
  -1   -2    -10.521    -12.999      4.500
  -1   -2     -8.972      6.962      6.394
  -1   -2     10.856     10.806     -0.649
  -1   -2     12.944     13.166      1.551
  -1  286     -0.998      8.513    -11.764
 359   -2     -4.514     -0.175     -4.077
1389   -2     12.921     10.565      2.715
 582   -2    -14.458     -2.925     -3.113
 319  897     10.259     -6.317     -6.099
 303   -2     -5.609      2.467     19.876
  -1  783     16.277     13.461      5.910
  -1  362     -0.253     14.013      8.610
  -1   -2    -12.902     -1.544     10.507
 766  810     -1.053      6.293      6.920
  -1 1942     18.958     11.325      1.632
  -1   -2      6.483     -0.759      6.685
  -1   -2      2.149      7.010      2.382
  -1   -2    -19.539     12.058     -3.725
  -1   -2     12.913      7.361      3.256
 888 1619     11.513      1.982      3.749
  -1   -2    -20.352    -10.284      1.552
  -1   -2     16.042     14.328      2.376
 368   -2     -9.080     -2.300     -0.153
  -1   -2      0.409      7.778     17.805
  -1   -2     23.919    -13.564      3.698
1395 2238     -9.675    -14.002      3.010
  -1   -2    -13.322     12.040     18.347
  -1   -2     -0.974      9.437     -5.933
  -1 1967     -7.179      1.001     -0.629
  -1   -2     -2.235     13.337      3.093
  -1   -2    -13.895    -11.908     15.534
  -1   -2    -22.641     13.337      3.152
  -1  374      0.690     11.517      4.870
  -1   -2     10.321      4.895      2.858
  -1   -2     -3.150      8.966      0.680
  -1   -2    -18.720    -12.095     -1.481
  -1  385    -12.514      7.393     -1.115
 369   -2     -9.051      4.943     -3.162
  -1   -2     -6.890     -6.450      2.221
  -1   -2    -13.931     11.176     18.007
 347  366    -24.195     10.234      4.953
1021  821     -8.514     -6.859     15.651
  -1   -2    -10.986      4.506      8.737
 334   -2      1.708     16.600      8.301
  -1   -2      6.986     13.772     -4.787
  -1   -2     -6.155     -2.466     -6.260
1100  391    -15.812     13.731      0.927
 374  388      3.827     10.533      2.310
  -1   -2      3.955      2.929     -2.741
  -1   -2    -10.690    -15.040      8.260
  -1   -2    -20.740      7.013     -2.918
  -1   -2    -10.763      6.570     -1.477
  -1   -2     16.896    -12.769      5.877
  -1 2156     13.067    -13.104     11.267
  -1  543    -11.732      3.898      1.429
  -1   -2     13.411     -9.370     10.128
  -1   -2     11.589    -10.954      8.895
  -1   -2     15.861     -8.421    -10.047
  -1   -2    -17.692     -4.406     -0.366
  -1   -2     13.903    -14.272     10.224
  -1   -2     -8.213     11.045     10.580
  -1   -2    -20.941    -13.584      1.905
 598 1550    -17.807      8.473    -11.362
 411 1461     22.936     14.993      3.494
  -1 2167     -9.017    -15.848     11.151
  -1   -2    -10.314    -12.230     10.784
  -1   -2    -17.268      7.998     14.660
  -1   -2     -0.288     -8.291      8.564
 563 1537      9.931     -9.865     -4.371
 610  437    -20.196      6.586      9.397
 721 1591     10.412    -13.698     -3.398
  -1   -2     -0.605    -14.546     12.591
1285 1768     -6.666      3.227     15.185
  -1 1907     -7.688      6.531      6.594
  -1   -2     21.253     -4.835     10.398
  -1   -2      5.741     -8.099     13.985
  -1 1855      9.533    -14.958     11.786
  -1  603     -2.899     16.009      9.139
 428 1470    -23.289     -2.126      7.566
  -1   -2     -5.961      1.719      5.986
  -1   -2     25.816     12.615      5.711
  -1   -2    -19.013    -10.064    -19.761
  -1  418     -9.173     -8.994      9.290
1824 2236      2.529     -6.467     10.360
  -1 2182     16.278      1.968     -5.616
  -1   -2     -0.499     -7.159     15.282
  -1   -2      1.756    -15.898      8.874
 402 1455      4.255    -15.833     18.940
  -1  566     22.619     13.966      8.848
  -1  413      4.783    -14.102     16.377
  -1   -2    -14.027    -10.393     16.748
  -1   -2    -16.802      3.854    -18.916
  -1   -2    -16.974     13.332     15.941
  -1   -2    -11.639     -6.007      5.061
  -1   -2    -24.645     -4.193      3.159
 408 1459     11.974     -5.843      8.848
 409 1460     -0.180     -2.663     -8.136
  -1   -2    -17.995     10.854     13.475
  -1 2157      9.746    -15.065      6.981
  -1   -2     -5.929    -13.314     10.872
  -1   -2    -11.706      9.844     12.158
  -1   -2     -4.991     -2.165      3.082
  -1   -2    -12.695     -2.580      3.703
 682 1577    -15.496     -4.313     12.633
  -1 1505    -22.153      5.865     -0.807
  -1   -2     -5.893    -15.311     16.702
  -1 1901     20.562      3.562     -2.317
  -1 2161     -6.773    -13.387      7.724
  -1   -2    -15.837     15.058     18.960
  -1   -2    -11.639      0.976      1.778
  -1   -2      0.736    -15.760     16.736
 767 1601    -14.466     -3.960    -15.222
  -1   -2     11.257     -6.742      4.834
  -1  503     -5.432    -10.071     11.644
  -1   -2     -4.975     -2.490      5.525
 754 1597      1.634     -2.143     -9.570
  -1   -2     -5.723     12.986     19.776
 475 2248    -12.044     14.367      3.829
  -1 1468    -10.642     17.185     14.891
  -1 1535      0.052     10.160     -8.094
  -1 2180     -2.654    -12.361     13.719
  -1   -2      2.531      4.194     15.348
  -1   -2     -6.376    -11.891      4.423
 519 1515     16.450     -8.936      0.954
  -1   -2    -16.490     11.563     13.604
  -1   -2      6.704     -8.321    -11.538
  -1   -2    -21.017     -1.982     -5.929
  -1  498      3.479    -12.334     15.243
  -1   -2    -25.178      8.729      0.659
 795 1604     11.846     14.087     12.927
  -1 1898     17.376     -3.935     15.528
  -1   -2    -15.345    -11.315     -9.029
  -1 1873    -13.055     10.166      4.566
  -1   -2     -1.303     17.472      7.208
  -1  402      6.244     -9.659     14.137
  -1   -2    -11.428    -10.928      9.665
  -1   -2     12.288     -8.232     15.737
  -1 1926     -2.631    -15.317     17.784
  -1   -2     24.745     17.522      8.322
  -1   -2     16.761    -10.857      6.743
  -1   -2      5.432    -13.908     14.899
  -1   -2     -8.750      1.990    -12.097
 538 1524     -1.283     15.201     -3.363
  -1   -2    -26.070      3.917      0.736
  -1   -2     26.746     -0.098      4.603
  -1 2196     18.714     -4.972     16.621
  -1   -2     -6.518     -5.249     15.877
 580 1546     -4.825    -12.708     19.648
  -1   -2    -10.781      8.586    -10.132
  -1   -2    -24.596     -2.598     -1.775
  -1  700    -17.155      8.517     12.905
  -1   -2    -15.677     -3.496      9.586
  -1   -2    -20.362     10.977      3.537
  -1   -2     -8.438    -14.196     15.078
  -1   -2      3.366    -10.660     -7.835
  -1 2202    -12.427      5.791      8.369
 793  153      5.524      5.167     13.906
  -1  557      4.884    -15.469     11.218
  -1   -2      2.485      5.838     17.345
  -1 2184     23.451      5.652      8.983
 386 1443     -4.124     -4.625     18.233
  -1   -2    -17.418      8.996      5.800
  -1  633      3.364     -2.979      9.032
  -1   -2     10.934      3.790     18.044
  -1  485    -11.634      5.163      0.778
  -1   -2    -13.022     12.494      8.650
  -1  683     14.686     -3.471      1.146
  -1   -2    -15.111      7.911      5.714
  -1  529     20.978      2.491     15.271
  -1   -2     12.172     -7.386      6.499
  -1 2204      3.036    -16.827     14.427
  -1   -2     -2.691      5.433    -19.637
  -1   -2     -2.674      1.155     10.341
  -1   -2     21.478     -7.552     12.892
  -1   -2     20.073     -7.023     -0.146
 545 1528     -6.144     -7.589     15.979
  -1  509     18.253     12.175     16.290
  -1 2175     -5.943    -12.605      7.143
  -1 2187     -5.118    -14.411      9.036
  -1   -2      8.907     -4.551    -11.975
 404 1457     -5.135     -5.490      1.915
 532  506     -7.579     -9.619     17.103
  -1   -2     -5.021      9.549      7.104
  -1   -2    -12.892     -2.228     11.483
  -1   -2     20.487     17.323     10.171
  -1   -2     18.570      5.643     -4.635
  -1   -2     -6.372     -0.908     14.414
  -1   -2    -11.359    -15.148      8.040
1497 1924      4.295     -2.719      5.686
  -1   -2      3.264     -7.337      6.417
  -1  352      4.689      1.384     -3.195
  -1 2225      8.260     17.484      9.762
 685 1579      5.487     -4.635     -6.665
  -1   -2    -12.732      3.718     -3.137
  -1   -2    -11.470     14.687     10.840
  -1   -2    -21.970      3.246     10.712
  -1   -2     -4.288      5.462     -3.027
  -1  284    -17.721      8.718     19.563
  -1   -2     11.894      6.908     -2.449
  -1   -2     -6.286      2.280      3.392
  -1   -2     -7.353      6.725     18.308
  -1   94    -18.283      1.938     19.558
  -1 2185     -6.311     11.395      8.256
 415  956    -17.209     -3.813     -5.832
 521   -2    -17.966    -12.315     16.888
1542  406      6.351      8.178     13.267
  -1  652    -12.136     -3.393     16.011
  -1   -2      8.858    -11.585      7.892
  -1   -2     -3.517      5.522     10.089
  -1   -2     17.713     10.198     -0.036
 762 1600     21.317     -1.109      3.689
  -1  305     12.483     -4.978      0.967
  -1   -2     18.846     -1.574     19.853
  -1  410      0.393     -6.956    -14.113
  -1   -2     -0.528     -8.318     18.231
  -1   -2    -23.719     -1.558     -2.608
  -1 2087     -7.903      3.890      4.377
  -1  811      0.195      7.542     -0.973
  -1 1969     11.087    -16.065     13.548
  -1  502     -8.775      1.675      4.927
  -1   -2     19.324     16.063     13.478
 499   -2    -11.333     -0.925     12.701
 716  686    -21.241     -5.660     -5.528
  -1   -2     20.779      0.945    -15.121
  -1   -2    -12.487    -11.574     16.802
  -1  490      3.061     -8.913     13.811
  -1   -2     13.074      0.879     13.740
  -1   -2    -22.180     -7.382     -0.480
  -1   -2    -18.227      3.842     15.880
  -1   -2     21.303      7.808     -1.804
  -1  560      7.574      8.035      6.472
  -1   -2      1.714     -0.137      2.711
  -1  692     18.080      3.585      3.251
 769  537     17.098      7.207     18.316
 514 1514     -0.825     -8.149      4.920
  -1   -2    -17.468     -4.805    -11.289
  -1   -2    -20.011      2.159     14.352
 570 1540     24.121     -0.188      1.367
  -1   -2     -2.452     -5.840     -0.566
  -1   -2    -22.964      5.313      9.811
  -1   -2    -22.443      1.943      3.418
  -1   -2     -4.681     15.434     13.220
  -1   -2     -4.331     -3.539      5.560
  -1 1925     -3.290      8.021      7.349
  -1   -2    -21.856     -3.866      6.809
 661 1568    -14.113      2.525      4.596
  -1 2210      6.039     -1.258      7.315
  -1   -2    -14.994     -3.717     18.544
  -1   -2     20.304      7.403     -6.117
 564 1538    -16.711     -5.487     18.309
  -1 2234      9.004     18.461     16.656
  -1   -2      1.523     -0.421      7.620
  -1   -2     -0.532    -12.658     18.731
  -1   -2    -14.123      6.129     10.666
  -1   -2    -15.095     -8.025      8.909
  -1   -2     24.262      5.311      9.983
 622  671      3.208     -0.779      4.292
  -1   -2    -14.752      9.027     -2.929
  -1   -2    -14.677      0.164     16.507
  -1  515      1.968      4.475     10.921
  -1   -2     -2.067      0.987     12.193
  -1   -2    -10.048    -14.063      6.394
  -1   -2     12.197     -0.709     13.319
  -1  161      3.415     -4.479     12.268
  -1   -2      4.203    -10.579     14.508
  -1   -2    -12.418     -9.720    -17.450
  -1   -2     -0.877      2.574      9.627
  -1   -2    -10.174     -2.183     11.855
 595  667    -13.453     -7.319     -2.265
  -1  463    -26.705     -5.903      0.244
  -1   -2      5.899      6.102     -2.929
 517  817    -16.939     12.928     15.497
  -1   -2    -22.927     -2.158      9.403
  -1   -2      0.659      5.368     -2.296
 194  666     -6.214     -2.386     13.315
  -1   -2     10.296     -5.780      3.901
 317   -2      3.521     11.555    -15.406
  -1   -2     -8.995     -9.035     11.335
  -1   -2     -3.731     -8.737     11.614
  -1   -2     13.941     10.744     16.892
 547 1529     15.655     -3.654     19.107
 646  657     22.308     -4.264     -0.838
  -1   -2     23.908     17.845      2.610
  -1   -2    -21.606     -4.710     -8.789
  -1   -2    -15.135      5.861     -2.239
  -1   -2      7.301    -10.924    -20.131
  -1   -2     14.484      0.225     13.040
  -1   -2      1.965    -14.703      5.605
  -1   -2     14.450     -9.700     -8.919
  -1   49     13.649      9.815     20.079
  -1   -2     26.579     -1.753      3.359
  -1   -2     -9.068     -4.361     -8.676
 688 1580    -20.511      5.676     14.536
  -1   -2    -21.507      8.254     12.388
  -1   -2      2.818      8.679     -7.119
  -1 2217     22.339      7.690     -7.875
  -1   -2     -7.148     10.599     17.226
  -1   -2      2.449      2.872      0.252
  -1   -2      5.776      6.103      3.073
  -1   -2     17.603      4.896     -0.569
 616  770     -1.462      3.933      4.344
 701   -2    -11.425    -14.942     14.213
  -1   -2    -18.016     18.076      9.244
  -1   -2     -4.880     14.232      7.311
  -1 2122      3.502      6.423      9.690
  -1   -2      8.075     -5.063      9.458
  -1  644    -18.694     10.129     -0.752
  -1   -2     11.234      0.951     16.505
  -1   -2    -22.036     -7.704      8.386
 323 1411      4.659     -0.497     10.539
  -1   -2    -19.843    -11.928     13.010
  -1   -2     19.393      6.512     -1.993
  -1   -2    -14.818      1.290     15.675
  -1   -2     -2.182    -15.832      8.899
  -1   -2     -4.444    -12.495      5.439
  -1   -2     -1.162     -3.771      2.710
  -1   -2     16.841     17.582     15.852
  -1   -2      6.009      5.202     -0.335
  -1   -2     19.840      9.546      1.595
 621  642      0.121    -14.404     20.118
  -1   -2      3.270      0.082     11.281
  -1  694      1.365    -10.804      9.893
 745  649    -18.991     -3.469      6.360
  -1 1575      8.335    -16.734     11.607
  -1 1971     20.656      4.435     -5.113
  -1   -2    -11.523     -6.039      1.666
  -1  497     20.965      4.154     12.683
  -1   -2     -6.739    -10.741      3.633
  -1  638    -20.599      9.040    -10.107
 654 2249    -16.985     -9.084    -15.414
  -1   -2     23.938     -9.831    -10.407
 673 1573     25.860     -4.749     -1.105
  -1   -2    -21.214     13.452      6.393
  -1 1932     -5.892     13.132      8.580
  -1   -2     12.575     14.547     13.014
  -1   -2     -6.411     16.141      5.849
  -1   -2    -17.549    -10.407      3.377
  -1  673     13.008      4.286     18.696
 265  269    -15.189     -9.360     12.484
  -1   -2    -25.198     -6.504     -1.509
 768 1602     20.860     -7.263     17.050
  -1   -2     -1.237    -10.026     15.956
  -1   -2     17.996     16.149      6.211
  -1   -2    -24.186    -13.614      4.719
 644  710    -12.933      9.441     19.126
  -1   -2     22.413     10.656      1.626
  -1   -2    -19.011     10.963     -1.354
  -1  735     -8.910     -7.166    -19.197
  -1  630    -11.911     -4.230    -14.279
  -1   -2      8.295      8.919      8.006
  -1   -2     10.303     18.129      7.931
  -1  435    -16.157     -2.158     -6.017
  -1   -2     -1.034    -13.786     15.737
  -1   -2    -16.366      3.283     -7.213
 653   -2     -5.109     -4.151    -10.837
  -1   -2     -2.582      6.911     -9.563
  -1   -2    -14.847     -9.458     19.673
  -1  540    -16.571     -0.568      5.162
  -1   -2      1.586     -1.446     11.241
  -1  651    -12.971    -13.445     13.557
 753  705     22.172     -0.842     -7.340
  -1   -2     18.298      5.669     -9.720
  -1  749     14.377     11.548     14.224
  -1  724      6.435     -3.999     17.291
  -1   -2     10.545      7.018     18.281
  -1   -2      3.089     -1.946      9.434
  -1   -2    -15.440    -14.290      7.968
 850 1614     11.854     18.125     13.250
 735 1027     -1.426     11.713    -10.286
  -1   -2     13.663      4.189     20.048
  -1   -2    -17.938      1.298      4.162
  -1   -2    -10.249     -9.842     -8.939
  -1  575     12.159      6.483     12.313
  -1   -2    -15.232      2.709     -1.829
 674 2250    -20.035    -11.960     -0.686
  -1  479     19.226     10.556      1.515
 637  144    -15.663     -8.823     16.651
  -1   -2     14.490     -9.871      1.347
  -1   -2     -2.515      9.039     -4.639
  -1   -2      8.499      9.465      6.125
 566 1539    -10.382     13.368      0.290
  -1   -2     21.365      0.745      7.840
 645 1563     -1.607     15.290     17.164
  -1   -2     -6.048     -3.557     10.254
 588 1547     17.736     -0.057     19.796
  -1   -2     -1.637     15.049      6.297
  -1  702     -6.886    -13.858     -1.541
1119 1646     10.080    -16.818     11.712
  -1   -2     -0.634     16.056      2.319
  -1   -2      7.011    -12.201      2.551
  -1   73     17.071      5.813      8.467
  -1   -2     -3.317     -4.941     16.700
  -1   -2    -14.916     -8.605     16.558
  -1   -2    -12.668    -13.108    -19.742
  -1   -2    -11.933      2.972     14.922
  -1   -2    -14.783    -13.517      7.533
1817   -2    -22.736     -9.602     -8.359
  -1   -2     13.776    -11.914      7.901
 536 1523    -19.186      9.638     10.550
  -1   -2    -18.793     -9.489     18.960
 698 1583     19.216    -11.998     14.456
  -1   -2     -6.161     -4.558    -11.175
  -1   -2     -2.745     -9.773      8.009
  -1   -2      8.470      3.300     14.632
  -1   -2     11.690    -12.686      3.790
  -1   -2      9.709    -13.393      2.999
  -1   -2    -23.000    -13.227      8.890
  -1   -2      8.821     -2.178    -15.182
  -1   -2    -18.410    -15.222      5.315
  -1   -2    -20.901     14.340      8.818
  -1   -2     -6.480      8.194      2.279
  -1  643    -20.496     -0.490     -3.849
  -1   -2    -20.109     -3.767     -4.330
  -1  849    -10.000    -13.443     18.236
 635  637     12.995     -9.606      4.190
  -1   -2     10.151      7.901     -7.776
  -1  313     -3.687     12.704      5.337
 784  761     15.000      1.948    -18.676
 599  878     20.280     16.907      8.061
  -1   -2      5.986    -16.598      9.095
  -1   -2      2.681     -4.563     19.579
  -1  613    -11.547     -0.044     18.109
  -1   -2     22.606     16.385      7.319
  -1   -2     15.389      3.442     -1.651
  -1   -2     17.180     -7.513     17.059
  -1  626    -15.868     12.502      5.669
  -1   -2     20.369    -13.831     11.930
  -1   -2     -2.878    -12.765      1.500
  -1   -2     -5.113      1.812     11.395
  -1  622     -8.484     11.415     15.755
  -1   -2    -19.892     -9.955    -12.747
  -1   -2     -8.774     12.876     14.144
 772   -2    -11.078      0.975     11.331
  -1   -2     21.117     19.081      9.457
 331   -2     -0.857     14.760      4.271
 568  815     13.159     -7.124     -8.051
  -1   -2     19.003      3.912    -19.662
 679   -2    -18.639     -5.887     17.224
  -1  629     -7.465      8.246     12.518
  -1   -2    -11.277     10.034    -13.656
  -1   -2      5.758    -14.442      7.111
  -1   -2      2.993     -3.814     14.032
  -1   -2     20.073     -9.274    -15.245
  -1   -2     21.561      8.466     16.751
  -1  766     13.853    -15.413      0.688
  -1   -2    -18.680      3.698     -0.044
  -1   -2      4.048    -11.309     -3.853
  -1  685    -12.268     -5.037     11.876
  -1   -2     11.938     13.304      9.325
 670   -2    -13.584     11.566      2.464
  -1  580     -0.255     10.436    -18.592
  -1   -2     -2.981    -15.975     10.907
  -1   -2      5.555     -9.041      7.036
  -1   -2      3.045     -4.703      7.911
  -1  353     -4.051     10.216      8.208
  -1   -2     -1.814     -1.954      6.758
  -1   -2      3.557     -0.518     19.175
  -1   -2     -4.723      9.268      9.820
  -1   -2     -1.855      7.277    -18.955
 809 1607     21.767     -1.967      4.560
  -1   -2    -18.860     -2.170    -12.962
  -1   -2      1.638     -8.831     15.814
  -1   -2     12.732     -1.673      1.158
  -1  874     14.500     -2.136     -1.305
  -1   -2    -22.753     13.629      8.028
  -1  853    -20.157      1.848      2.823
  -1   -2     -2.813     -0.298     -5.752
  -1   -2     19.590     14.760     13.225
  -1   -2    -10.922     12.246    -15.178
  -1   -2    -25.558      3.863     -0.755
  -1 1931     12.697     16.880     13.646
  -1   -2     -0.103     -8.630      1.300
  -1   -2    -15.364    -11.217      0.282
  -1   -2    -17.837     -2.863      5.516
  -1  209    -16.346    -10.569      8.961
  -1   -2     -4.685     -8.709      1.027
1552   -2    -16.657     14.876     18.569
  -1   -2      3.032     11.521     14.053
 713 1588    -16.636    -12.170     17.908
  -1   -2     22.711     -1.798    -11.224
  -1   -2     -2.194     14.145     -8.632
 695 1582     20.881     -3.822    -12.313
  -1   -2     -8.030    -12.239     10.702
  -1   -2      2.414     -1.352     18.986
  -1  787    -21.055    -13.405     -9.481
  -1   -2     -2.826      3.120     14.520
  -1   -2      6.372    -15.123      8.536
  -1   -2     12.444      0.283     -6.710
  -1   -2     12.068    -14.289      2.549
  -1   -2    -21.571     12.049      9.691
  -1   -2     12.860    -10.215    -14.827
  -1   -2    -20.012      0.728     16.067
  -1   -2     13.440    -10.040     19.112
  -1   -2    -24.068      1.094     -5.661
  -1   -2    -22.560     14.953      7.719
  -1  496     14.467      7.723     10.906
 703   -2      4.703     12.574    -11.084
  -1   -2     -3.025     16.335     -3.620
  -1   -2     20.415      7.592      2.607
  -1   -2     -2.358     11.823     10.452
  -1   -2     14.970     15.838     17.046
  -1   -2      7.017     11.162     -8.459
  -1   -2     19.435     -0.932    -20.074
  -1   -2    -15.685    -16.064     15.184
  -1   -2    -18.541      2.489    -18.326
 756   -2     26.803      0.400     -7.246
  -1   -2     -1.589      9.332     -3.993
  -1   -2     -0.886     14.340     10.565
  -1 2178     23.715     15.179     10.609
  -1   -2      0.745      6.771     10.045
  -1  619      6.962    -14.215      4.549
1053 1639     -9.430     16.880      4.773
  -1  339    -15.628    -10.605     17.205
  -1   -2      5.110     -3.040     16.249
 932 1627     11.683    -16.021      5.617
  -1   -2     13.725    -15.902     18.947
  -1  754     20.626      7.687    -17.845
  -1   -2    -17.165      9.119    -11.313
  -1   -2    -20.387      9.042      8.394
  -1  732     -0.052     10.651      5.602
 983  271      1.421     -5.733      9.460
  -1   -2      3.992     -2.272    -17.095
  -1   -2     -6.033     15.393     -5.934
  -1   -2    -22.026      7.724     -8.426
  -1   -2    -15.183      6.218    -12.043
  -1   -2      8.715    -15.603     -1.085
  -1   -2     11.859     13.388     12.597
1011 1637    -21.880      1.071     -2.442
  -1   -2     20.328      3.810      9.995
  -1   -2    -10.828     -1.992      5.868
  -1 1611      1.125      0.668      3.584
  -1   -2     -2.977     13.480     18.716
  -1   -2    -19.386      5.686      6.074
  -1   -2     -4.183      2.746      2.049
  -1   -2      0.461     -2.953      1.657
  -1   -2      9.930     -1.289     10.905
  -1  782    -16.728     -5.816     -5.108
  -1   -2     16.032      3.297     -3.494
 814  826      2.204      4.646      7.462
 978 1634     -4.273    -16.350     10.832
  -1  270    -18.398    -10.092     16.471
  -1   -2    -16.438      5.606     19.553
  -1   -2    -20.576    -12.092      0.716
  -1  302    -24.070      9.113      3.063
  -1   -2      8.158    -14.689      5.934
  -1   -2    -20.734      1.778     -2.688
  -1  746    -22.683      3.115      0.608
  -1   -2    -10.159    -13.651      0.656
  -1   -2    -11.710     11.226      2.557
  -1  728     19.663     10.395      8.098
  -1  803    -18.028    -13.802    -11.594
  -1   -2     -8.822      5.882     12.445
  -1   -2      6.487     10.644     12.779
  -1   -2     19.806     12.358      7.202
  -1   -2    -12.585     11.984     -6.675
  -1   -2    -24.998     -2.604     -1.299
  -1   -2    -11.519     16.552     10.932
  -1   -2    -18.613      6.516      7.664
  -1   -2    -19.806     -4.449     -3.597
  -1   -2     -1.947     -2.420     13.910
  -1   -2     11.412     -2.750    -19.249
 961  955      8.940      2.289      7.847
  -1   -2      4.787     15.766     12.604
  -1   -2     -4.205      7.999    -15.649
  -1   -2    -17.062     -0.493    -19.174
  -1   -2     -6.638      3.658     -3.492
  -1   -2     20.667    -11.562    -12.665
  -1 2231     13.778    -16.086      8.499
 963 1632      0.162     -5.499    -14.309
  -1   -2    -22.578      5.752      4.665
  -1   -2    -19.379      8.965     -0.811
  -1   -2      9.811     16.202     12.776
1691   -2      3.096      3.863     14.471
 942 1629     -0.908      4.822    -10.947
  -1   -2    -24.725      2.106      1.387
  -1   -2     18.763     12.415      1.226
  -1   -2     15.731      8.241    -18.655
  -1   -2      6.332     -1.492    -10.503
  -1   -2     -2.524     -6.789     19.246
  -1   -2      6.454     -5.536     -8.679
  -1   -2    -17.071     11.570     18.284
  -1   -2    -12.638      2.979     -0.585
  -1   -2     -6.452     -6.834      7.583
  -1   -2     -0.481      0.249      3.562
  -1   -2     16.333     -2.175      1.646
  -1   -2     -0.577     -0.150     14.478
  -1   -2    -24.973     -4.830      3.463
  -1   -2     -2.632      6.477    -19.050
 875   -2     -9.823      0.639     11.267
  -1   -2     -3.486     -1.910     10.787
  -1   -2     -7.247     -1.162     -2.886
  -1  729    -17.692     12.683    -10.395
  -1  373     -4.645    -13.423      0.879
  -1   -2      9.377      6.922      5.874
  -1   -2     -3.806    -11.988     14.680
 806   -2    -20.598     13.713      2.793
 361 1425     -7.420     15.328      2.466
1055  943     13.899     -2.187      0.853
 736 1097     21.653     15.881     11.203
  -1 1063    -17.248     11.581     -5.787
  -1   -2    -21.140    -12.030     -2.824
  -1   -2     17.486      4.938     -3.599
  -1  912     20.306      4.776     13.507
  -1   -2     21.991      6.468      5.120
  -1   -2    -17.576      8.316     14.534
1025 1638     -1.300      8.043      2.886
  -1   -2    -12.968     11.775    -16.774
  -1   -2     -3.354     18.692     11.851
 999   -2    -14.221    -11.067     12.502
 974  960     16.903     19.821      5.656
  -1   -2     -3.432      9.804     14.338
 990  714      0.752     15.341     13.032
  -1   -2      4.884      9.528     12.500
  -1   -2      5.103    -13.247     -1.013
  -1   -2     24.097      6.066     -6.341
  -1 1061     -2.314      5.737      7.775
 911 1622     10.489     15.151      4.226
  -1   -2     -3.253      6.046     -3.616
  -1   -2    -13.312      7.052     -1.454
  -1   -2     15.728      3.556      0.617
  -1   -2     11.691      2.155     -0.508
  -1   -2    -13.373     11.784      4.932
 938 1628     16.137      1.909      9.188
  -1  775     20.928     -4.116     -1.641
  -1   -2    -22.888    -14.341      4.490
  -1   -2    -10.797    -13.019     -7.140
  -1   -2     11.306      5.772     10.378
  -1   -2    -16.576      4.158     -8.026
  -1   -2      9.772     18.351      7.537
  -1   -2    -22.797      1.100      7.834
 876   -2     11.693    -16.688      3.064
  -1   -2     -8.818      8.453     -2.886
  -1 1004     -3.754     -1.896     -0.708
 816 1608    -13.967    -12.785     -8.657
  -1   -2      8.428     10.017      8.514
1580 2142     -9.676      1.481      1.080
  -1   -2     17.296     12.932     -0.667
  -1   -2      0.665      1.680     13.939
  -1   -2     -7.622     11.817     -1.520
 199   -2     -0.465     -6.612     18.527
  -1   -2      1.254      8.826     12.119
  -1   -2     -8.684     -1.111    -13.133
  -1   -2     -2.263      8.115    -14.741
 723  978      4.576    -14.043     17.691
  -1   -2     -7.483     12.499    -10.390
  -1   -2     19.546     -3.433      7.254
  -1   -2     19.157     -5.537    -13.747
  -1   -2     11.615     -9.884      5.308
 952 1043     16.516     16.322     20.096
  -1  329     -3.123      7.528      0.353
  -1   -2      8.226     -3.322     -0.690
  -1 1086     14.448      4.714     -1.450
  -1   -2    -16.401     15.878      7.968
  -1   -2    -21.526     -7.891      2.944
  -1   -2     -0.526    -13.608      7.029
  -1   -2     22.302     13.153     -9.261
  -1   -2      5.299      9.040     12.733
  -1   -2    -18.101     -2.292     -0.437
  -1   -2     17.386     15.850      5.592
  -1   -2    -16.773    -12.173     18.851
  -1   -2     -4.975     15.044     19.190
  -1   -2      8.895     -5.009     14.630
  -1   -2      7.808     18.081     16.728
  -1  381     12.340      2.861     -1.292
  -1 1109     25.495     -1.308     -3.435
  -1   -2     13.258     -6.285    -14.843
  -1  931    -21.757      5.904     11.645
  -1   -2     15.724    -12.908     16.926
  -1   -2     -0.473     15.327     16.351
  -1   -2    -10.615     16.907     19.895
1067 1641     15.442    -10.891     19.201
  -1   -2    -14.614      4.066    -15.168
  -1   -2     19.191     16.365     -9.914
  -1   -2    -24.611      1.548      2.287
  -1   -2    -14.589     14.051     -7.597
  -1   -2    -19.339      0.311    -12.951
  -1   -2     17.731      8.600     19.384
  -1   -2      9.622      7.199     -1.105
  -1   -2     20.122     18.016     -0.451
  -1   -2     16.720      4.587    -15.725
  -1   -2     -6.324    -10.712     -0.225
  -1   -2     19.693     12.849     17.752
  -1  372     -8.778     -2.969     -1.541
  -1   -2     12.090      6.046      1.913
  -1   -2     13.543    -13.428     -6.962
  -1   -2     16.398     13.597      0.636
1019 1064     -4.930     18.172     13.665
  -1   -2      0.275    -10.087    -17.759
  -1   -2    -19.187     16.877      9.424
  -1   -2    -19.557     -6.071    -19.731
  -1   -2     12.228      9.914      5.528
  -1   -2     17.176     10.012      2.052
  -1   -2     12.445     -6.933     11.861
  -1   -2     10.204     11.508     11.096
  -1   -2    -12.421     -1.273     13.785
  -1   -2    -16.858    -10.692     17.923
1069 1028     -3.314    -10.706    -11.483
  -1   -2     13.805      2.001     -2.888
  -1   -2     -1.827     12.104      6.570
  -1   -2     23.350      1.425    -10.658
  -1   -2     21.212      2.138     -3.610
  -1   -2      7.539    -10.134    -17.600
  -1   -2    -17.061      4.674      0.979
  -1   -2     -2.297     -4.229      2.650
  -1   -2      0.829     -5.613     -1.175
  -1   -2      4.183     -7.585     17.342
  -1   -2      0.791     -5.625      9.942
  -1   -2      7.918      5.528     -9.019
  -1   -2     -0.372     14.036      3.852
  -1   -2      3.361    -16.744     17.711
  -1   -2     22.395     16.900     14.101
  -1   -2     17.818      4.960     -3.823
  -1   -2      6.285     -0.646     10.959
  -1   -2    -12.114    -13.080      3.338
  -1   -2     13.173     16.553      8.971
  -1   -2    -26.062     -7.053      0.667
  -1  893    -19.478      2.828     -8.189
  -1   -2     10.456      2.783    -13.961
  -1   -2     14.137      7.829     -2.851
  -1   -2     13.285      0.485    -16.102
 853   -2    -13.615     -6.012     -9.678
  -1   -2     -8.403      8.067     -0.872
 979 1115    -21.491     17.545      7.803
  -1  994     16.141      1.036      6.553
  -1   -2    -17.248     10.263     19.176
  -1   -2      0.753     -0.906      3.099
 931   -2      5.619      0.754    -10.621
  -1   -2    -17.267     -7.604     -7.614
  -1   -2     -9.717     14.735      8.286
1062 1640     11.326     15.399      4.592
  -1   -2    -21.424     17.414      9.980
  -1   -2      8.729      2.280     -3.385
  -1   -2    -16.129     13.591     19.570
  -1   -2      2.694      4.548     -1.675
  -1   -2     -1.630     14.978     -8.891
 372 1433      0.637      8.627      4.087
 363  379     -7.039      7.664     -3.045
  -1  390     16.500      7.353      9.933
  -1   -2    -23.054     -7.684     -7.358
  -1   -2     19.534     -8.050      3.669
  -1   -2     -5.624     -6.440     13.172
  -1   -2    -21.894      9.865     -1.593
 954 1631    -26.261     -5.080      1.329
1037  939     23.458      9.732     -2.285
  -1  840      0.392     18.099     12.320
  -1   -2    -17.549     11.726     13.082
  -1   -2      3.623    -14.680     12.735
  -1 1078      0.074     16.350      5.547
  -1   -2      2.706      9.027     -8.899
  -1   -2     -3.665     12.396     14.024
  -1   -2      4.929     11.069    -17.079
  -1   -2     -7.437     -8.778     -0.546
  -1   -2     15.674     -6.221     -0.918
 825  335    -23.523     10.736      4.257
  -1   -2     10.877     14.486     -0.270
  -1   -2     10.953     -2.904     -5.379
  -1   -2     10.108      2.904     -0.220
  -1   -2     14.491     13.843      4.097
  -1   -2    -11.039     16.042     11.533
  -1 1074     12.854    -15.288      2.863
  -1   -2     -2.650     13.285      4.456
  -1   -2     -7.993     10.639      2.552
  -1   -2     -9.406     -2.221     -5.957
  -1   -2    -11.946     19.057      4.858
  -1   -2     -1.942    -11.072     11.382
  -1  755    -12.541     -9.175    -18.557
  -1  365      3.821      5.579      0.177
  -1 1083     20.258      5.802      7.304
  -1   -2     -0.423    -11.843    -17.623
  -1   -2     20.719      2.218      5.358
1031 1121      2.729     18.969     14.148
  -1   -2      3.321      5.688     14.493
  -1   -2     -4.379     18.430     10.017
  -1   -2     -6.322      3.329      0.770
  -1   -2     14.974     13.091      8.066
  -1   -2    -22.485     10.693      3.489
  -1   -2     13.061     15.939     14.455
  -1   -2     11.399     -4.645      7.597
  -1   -2    -18.442     -9.177     -2.043
  -1   -2     18.451     15.872     15.910
  -1   -2     19.003     13.346      9.598
  -1   -2     -7.839     11.838     -0.396
  -1   -2      3.105      7.343     14.001
1085 1117     17.151     16.247      6.078
  -1   -2     13.420    -11.840     -7.996
  -1   -2      9.727      3.502      6.391
  -1   -2      8.430     12.580     10.924
  -1   -2    -23.585    -12.845      5.237
  -1   -2    -19.806    -15.295     -0.775
  -1   -2     16.391     12.336     13.120
  -1   -2     21.429     13.364    -13.448
  -1   -2    -19.984      5.280     14.620
  -1   -2      0.583     -7.316      2.295
  -1   -2     10.323     -3.596      6.090
  -1   -2    -13.590     11.355     -5.483
  -1   -2     23.278     -1.440     -0.648
  -1   -2     -9.415     14.173     -4.536
  -1   -2    -19.903     -6.091     -2.297
  -1   -2     13.635      6.378    -10.229
  -1   -2     22.488     13.181      9.598
  -1   -2     15.717     15.685     -1.123
1104 1101      9.267    -13.256      1.509
  -1   -2    -14.069     16.937      1.993
  -1   -2      4.243     11.157     -1.208
  -1   -2      6.374      2.552     -5.017
 377   -2      6.211     -9.855     -2.785
  -1   -2     -2.847     16.360      4.007
  -1   -2    -14.835      2.157    -18.155
  -1   -2      8.227      5.382     -3.186
  -1   -2     -4.741     -8.547     -9.526
  -1   -2    -14.132     -5.747     -6.494
  -1   -2     20.245     13.062      1.277
  -1   -2     23.555     -6.077     -1.927
  -1   -2    -17.388    -18.895     18.842
  -1   -2     20.878    -11.451     18.530
  -1   -2     24.568    -11.380      8.825
1120 1647     15.368    -13.790     19.321
  -1   -2      0.697    -15.875     17.335
  -1   -2      4.985     -7.586     14.329
  -1   -2    -23.184     -9.253     -4.245
1123 1649     11.234    -14.671     19.906
  -1   -2     21.580    -13.574     13.484
1114 1644     20.704    -12.645      4.744
  -1 1143     26.277    -11.632     13.211
  -1   -2    -16.140    -16.815     15.917
1124 1650     25.819    -10.423     10.710
  -1 1976     21.733     -4.725     18.492
  -1   -2      2.703     19.245     18.060
  -1   -2      8.055    -18.499     16.208
1125 1651     17.485    -15.151     13.607
  -1  825     15.475    -13.797     12.749
  -1   -2    -15.168    -18.882     18.489
  -1   -2      6.239    -16.182     15.571
  -1   -2     -8.556    -13.622     18.339
  -1   -2     15.748     17.945     17.318
  -1   -2      0.881    -15.563     15.536
  -1   -2     16.886    -12.940      0.525
  -1   -2    -18.446    -17.150     18.160
  -1 1152    -17.833    -18.812     16.964
  -1   -2      1.914    -13.479     15.913
1136   -2     21.859     -5.832     12.205
1144 1160     17.264    -14.529     17.000
  -1   -2    -16.075    -15.638     19.709
1147 1165     22.282    -10.772      8.909
  -1   -2    -18.336    -20.031     17.066
  -1   -2     21.196    -10.660    -13.435
  -1   -2     16.063    -18.148     14.022
  -1 1169     -4.682    -14.975     -0.376
  -1 1167    -12.634    -19.015     16.981
  -1   -2     28.817     -8.819     10.901
1155 1654    -17.736    -20.079     19.847
1146 1180    -32.793     -6.955     18.721
  -1   -2    -12.880    -18.767     20.007
  -1 1171     -0.188    -16.601     20.248
  -1   -2      4.545     19.714     17.431
1157   -2    -16.726    -17.633     13.187
  -1   -2    -18.275    -16.735     15.433
1151 1175     21.356    -14.255      9.666
  -1   -2    -22.705    -12.919      9.237
  -1 1181     31.231     -5.333     16.219
  -1   -2     18.803     14.163     -5.988
  -1   -2     25.777     -3.527     18.905
  -1   -2     26.970     -8.956     18.981
  -1   -2     13.060    -11.414     10.547
  -1   -2     -2.228    -16.386     14.287
  -1   -2     22.065      9.435      6.032
   3 1986     17.093     -7.776     14.594
  -1 2135     -7.033    -14.883      6.583
  -1   -2      9.440     -7.280     15.441
  -1 1981     16.182      9.503     15.420
  -1 1995      1.945     -1.509     17.258
  -1   -2     18.480     -4.279     15.771
  -1   -2     19.908      5.111     17.142
   7   -2     18.323     -6.144     14.601
  91 1264    -16.326     -3.605      5.686
  -1 1990     15.665      9.068      9.513
  -1   -2    -18.131     -8.371      0.669
  -1   -2     12.855     -8.551     16.917
  19   54     11.978     -0.912      4.368
  -1 2214     13.001     11.329     19.544
  -1   -2     12.568     15.000     13.676
  -1   -2     21.612      8.784     11.433
  -1 2006      8.816     -5.506     16.623
  49 1228     18.553     -7.978     11.681
  -1   -2     22.068     10.451      9.780
  -1   -2      6.630     -7.700     12.253
  -1   -2      3.923     11.813     19.375
  -1   -2     18.826      7.153     14.629
  -1   -2     10.464     15.131     17.823
  -1   -2     15.467     11.570     11.393
  -1   -2     18.440      7.439     11.827
  -1   -2    -26.070      3.917      0.736
  -1 2025      9.393     12.992     18.797
  -1   -2     18.965      6.760     11.240
1207 1696      4.630     -6.311     10.100
  -1   -2     -0.823      8.156     12.303
1674   -2      9.029      8.944     13.003
  -1 2010     13.411     -9.370     10.128
  -1   -2     19.312     10.119     16.118
  -1   -2     17.372      9.516     19.526
  -1   -2      8.187     13.187     12.558
  -1 1982     14.552     15.862     13.142
  -1   -2      7.681     13.031     11.785
1692   -2     21.940     11.380      5.977
  -1   -2      9.847     -9.202     15.921
  -1   -2     23.451      5.652      8.983
  -1   -2    -19.795     -7.532      6.758
  -1   -2    -19.581    -10.610      5.783
  -1 2004     23.633      2.105      4.680
  -1 1302     -0.330     15.321     18.417
  -1   -2     11.841      6.351     19.443
1193 2241      0.456     -8.239      8.904
  -1   -2     17.106      5.804      8.547
  -1   74    -16.014    -12.889      3.415
  -1 2036      8.323     -9.751     17.256
  -1   -2    -11.471     -5.229      4.976
  -1   -2      0.061     13.903     19.051
  -1   -2    -24.172      4.270      4.481
  -1 1307      3.964     -9.625     15.118
  -1   -2     10.817    -14.651     17.800
  -1   -2     10.817    -14.651     17.800
  -1   -2    -14.725      4.674     15.331
  -1   -2    -19.994      0.002      5.130
1640   -2    -16.574     -4.002      5.070
  -1 1714     -7.397    -15.636     11.143
  -1 2089      9.567      6.016     15.972
  -1 2032     11.296      6.698     11.337
  -1 2033     11.021    -10.883     14.387
  -1 2049    -18.790     -7.340      7.061
  -1 2040     14.110      6.712      9.565
  -1   -2    -13.309     -9.756      9.925
  -1   -2      9.315     18.294     19.906
  -1   -2      8.718     -1.407     14.985
  -1   -2      8.740     -1.361     14.995
  -1   -2      7.880    -10.166     19.206
  -1   -2    -23.484     -3.554     -0.127
 129  259      6.487     10.644     12.779
  -1   -2      5.397    -15.263     10.479
  -1   -2      3.794     13.385     17.396
  -1   -2      0.757      5.744     11.732
  -1   -2     13.300    -14.483     15.676
  -1   -2    -17.017      7.010      6.686
  -1   -2     13.158     14.025     15.524
  -1   -2    -23.817      3.716     -0.783
  -1 2002    -24.323     -5.509      4.095
  -1   -2    -21.896     -5.153      3.644
  -1   -2     12.673      8.050     10.750
  -1   -2     12.498      7.046     13.836
  -1   -2      5.372      9.403     14.900
  -1 1321     10.739      4.256      7.238
1225 1713     -0.898      2.592      9.595
  -1 2213     -7.590     -9.640      6.821
  -1   37    -18.089     -2.241     15.789
  -1  120      9.836      5.770     13.136
  -1 2042     22.688     -6.365      6.979
  -1 2094      2.423      0.618     15.200
  -1   -2    -14.185    -11.682     11.897
1482 2163      9.177    -11.423     16.273
  -1   -2      3.277     11.184     12.444
  -1   -2      4.874    -14.150     16.665
  -1   -2      5.390      1.470     18.204
  -1   -2    -17.054     -7.121      9.125
  -1 2073    -17.041     -7.090      9.133
  -1 2028     10.178     11.796     11.408
  -1   -2    -23.266    -12.167      7.948
  -1   -2    -16.388    -10.591      8.825
  -1   -2     15.050     15.900     17.098
  -1 2107    -12.025     -9.552     -1.135
  -1   -2      0.533    -14.030      8.758
  -1   -2      0.579    -14.027      8.873
  -1   -2      0.525     -0.960     18.402
  -1   -2      0.555     -0.877     18.478
  -1   -2    -16.940      3.426      8.260
  -1   -2    -11.736      9.322     16.997
 231 1363    -19.367     -6.406     -3.693
  -1   -2     -2.189      3.352      3.960
  -1 2051    -10.362      4.133     10.639
1251 2245    -10.206     -0.844     14.869
 433 1766     -2.584     10.819      7.697
  94   -2     17.348     -8.958     17.483
  -1 1994     11.919      8.228     13.537
  -1   -2    -11.470     14.687     10.840
  -1   -2      5.903     15.936     13.274
  -1   -2    -24.240     -2.480     -1.829
 122   -2    -17.769      6.145     -5.682
  -1 1268     19.029      3.128      5.541
  -1 2005    -26.026     -0.206      1.212
  -1   -2    -12.427      5.791      8.369
1350   -2     -4.487     -0.458     14.568
  -1   -2      0.306     12.471     11.968
  -1  119     11.045      0.070      8.101
  -1 1297      1.674      7.177     12.426
 157  354      8.610     -0.232      0.805
  -1   -2    -14.510    -12.632      5.197
  -1   -2    -20.994     -7.142      4.892
  -1 1712      3.123    -10.238      9.583
 127   -2      1.218    -10.333      4.569
  -1   -2     21.237     10.272      5.925
  -1   -2     18.350      1.875      8.136
 150 1312    -22.152     -6.520     -0.403
  -1   -2    -20.992      3.195      8.455
  -1   -2    -19.256     -0.233      3.509
1333 2117    -14.200    -15.063      8.745
  -1   -2      0.563     10.433     12.224
  -1   -2      0.583     10.422     12.256
  -1   -2      1.153      7.797     13.753
  -1   -2      8.598     12.812     16.359
  -1  107      0.204     10.257     14.148
  -1   -2     -1.508      6.119     16.206
  -1 1772     -1.454      6.161     16.312
  -1   -2     -6.489      2.269     19.315
  -1   -2     -6.489      2.269     19.315
  -1   -2    -24.576     -2.588     -1.727
 140   -2     10.565      1.864     10.317
  -1 2093    -16.333     -3.965      1.632
  -1   -2     10.483     -9.075      6.982
  -1   -2    -16.476     -0.644     -0.543
  -1  449    -22.499     12.328      1.515
  -1   -2     20.681     11.169      3.774
  -1   -2    -17.395    -13.282      7.030
1270   -2    -17.410    -13.281      6.995
  -1   -2    -20.263     -9.624     10.813
  -1  625    -10.812     -1.963      5.895
  -1   -2    -12.150     -9.864      9.023
  -1   -2     -4.144     -6.784      2.702
  -1   -2      5.562     -0.072     11.560
  -1   -2      5.562     -0.072     11.560
1343 1373      5.375     -2.637     11.668
  -1 2062      1.566     11.203     11.805
  -1 2128     15.023     10.311     19.358
  -1   -2    -15.812      5.809     19.069
  -1   -2     24.227      2.806      3.751
  -1   -2     17.165     -2.600     12.534
  -1   -2    -21.572     -3.247      2.383
  -1   -2    -21.806     -4.812      5.422
  -1   -2     -2.468      5.104      4.257
  -1   -2     -8.458      4.987      2.316
  -1   -2    -15.085      2.364      7.052
  -1 2208    -11.970     -2.966      6.617
  -1   -2     24.676     -2.464      4.659
  -1   -2      4.087     15.578      9.686
1655   -2     -4.477    -12.741     -6.741
  -1 2133    -14.071     -7.170      1.395
  -1   -2     -0.110    -13.019      8.766
  -1   -2    -17.801    -11.410      4.753
  -1   -2     23.698     -0.001      7.894
  -1   -2    -22.398     -8.851      2.093
  -1   -2      9.606     10.219      8.250
 201   -2    -10.829     -0.466     19.991
  -1   -2      0.824     13.745     16.464
  -1   -2     22.677      0.390      3.180
  -1   -2    -24.115     -9.329      2.508
  -1 2228      1.303     -9.285      5.427
  -1 1790      1.284     -9.315      5.519
  -1   -2     11.585     -7.199     15.474
  -1   -2     22.813      5.075      3.317
  -1   -2     -4.788     17.664     15.130
 152 2251      5.601     11.032     -7.475
  -1 2216    -17.451     -0.506     -1.042
  -1   -2    -20.188    -10.824      9.756
  -1   -2     18.985     11.323      1.695
  -1 1335     -4.267      3.068     15.742
 257   -2    -14.026      0.020     -2.870
1331   -2     14.600      7.442      3.640
  -1   -2      5.127     -3.098     18.428
  -1   -2    -15.086     -9.404     12.743
 256   -2    -16.891    -11.766      4.073
  -1   -2      3.387     11.855     11.290
  -1   -2      2.153     17.276     15.155
  -1   -2    -16.308      1.446     17.864
  -1   -2    -20.958     -1.406      9.423
  -1   -2     -0.072     15.436     13.757
  -1   -2     26.472     -1.309     -0.182
  -1 1970    -11.321     -2.165     -2.942
  -1   -2      9.661     12.949      8.253
  -1   -2     -6.743     -6.979      6.710
  -1   -2      8.179     17.162     12.181
1566 1962    -10.829     -7.601      5.681
  -1 1362    -13.224      1.910      1.547
  -1   -2     -7.903      3.890      4.377
  -1  275    -11.408      2.055     15.801
  -1 2154     12.951      7.372      3.317
  -1   -2     23.296      5.333      0.951
  -1   -2    -23.907     -2.912      3.470
 173   -2    -17.985     -8.995     -4.264
  -1   -2      0.349      6.848     18.181
 436 1477     17.338      5.227      4.608
  -1   -2     -0.951     -1.806      4.456
  -1   -2    -20.372    -10.310      1.520
  -1 2085    -24.065     -7.263      5.328
  -1   -2      2.648     -2.579     17.401
  54  257    -16.302      7.073     11.260
  -1   -2      7.961     -2.590     18.631
  -1   -2      1.726     16.591      8.352
  -1 1826    -14.308     -0.648      9.397
1357   -2    -14.340     -0.623      9.344
  -1 2103     25.961      2.040      2.898
 308   -2    -19.695      1.183      3.297
  -1   -2     10.729      2.843      2.559
  -1   -2      4.494      5.158     -4.584
  -1 2100      0.281     16.945     15.305
 193 1338     20.819    -10.379      9.303
  -1 2141     21.599     -7.877      7.234
  -1 2140     -9.416     -4.398      1.881
1935 2240    -11.410     11.122      5.676
  -1   -2     -0.886     14.340     10.565
  -1   -2     -0.882     14.343     10.586
  -1   -2      3.624     11.471    -15.131
  -1 2144    -12.697      7.226      5.307
  -1   -2    -20.791      8.844      5.900
  -1 2143     16.683      1.434      3.775
 293   -2    -19.227     -9.103     11.271
  -1   -2     -5.473     -0.606      0.290
 813   -2     20.175     -5.426      6.392
  -1 2246     -4.063     11.530     16.419
  -1  340     12.929     13.164      1.520
  -1   -2    -22.984      4.067     -5.015
  -1   -2     18.794     12.417      1.304
  -1  319     -4.503     -0.178     -3.913
  -1   -2    -20.682      7.076      4.288
  -1 1431     -9.050      4.937     -3.044
  -1   -2    -12.395      7.393     -0.899
 358 2253     -3.986     16.627      5.997
  -1   -2    -11.553     -6.033      1.605
 343   -2    -17.414      9.704      2.489
  -1 1429     -9.062     -2.291     -0.113
1576 1968     -6.930     -6.443      2.152
  -1   -2     13.067    -13.104     11.267
  -1   -2    -22.948      5.272      9.683
  -1   -2     13.903    -14.272     10.224
  -1   -2     16.278      1.968     -5.616
  -1   -2    -17.995     10.854     13.475
  -1   -2     11.758     -9.078     11.541
  -1   -2      9.533    -14.958     11.786
  -1   -2     -0.902    -16.148     12.817
  -1   -2    -10.048    -14.063      6.394
 384 1854     11.589    -10.954      8.895
  -1 2165    -24.645     -4.193      3.159
  -1 2159     -5.929    -13.314     10.872
  -1   -2     -0.605    -14.546     12.591
1474   -2     -7.688      6.531      6.594
1424 1870     -8.874      9.746     16.786
  -1   -2    -16.490     11.563     13.604
1428  399     20.038      3.213    -16.487
 430 1858    -14.027    -10.393     16.748
  -1   -2      3.161     -5.068     14.382
 392 1446     -0.288     -8.291      8.564
  -1   -2      0.790    -15.734     16.855
  -1   -2     -6.716    -13.368      7.857
  -1  439    -14.874     -5.185     18.840
  -1 1879     21.253     -4.835     10.398
  -1 2158     16.896    -12.769      5.877
1411   -2      3.451    -12.383     15.130
  -1   -2     -8.438    -14.196     15.078
 393 1447    -18.228     -1.860     10.884
  -1   -2     -5.118    -14.411      9.036
  -1   -2     -5.943    -12.605      7.143
  -1 2195     25.816     12.615      5.711
  -1   -2    -16.974     13.332     15.941
 419   -2     -4.196     -8.819    -11.828
 440 2254      2.285      9.239    -10.332
  -1   -2     -9.054      9.097      2.967
  -1   -2     21.478     -7.552     12.892
  -1   -2     -0.532    -12.658     18.731
1451   -2    -15.214      5.697      3.431
  -1 2168    -15.837     15.058     18.960
 421 1892    -17.692     -4.406     -0.366
1517   -2    -17.155      8.517     12.905
  -1 2169      0.802    -13.088     10.161
1457   -2     -6.376    -11.891      4.423
 562 1536     24.273      9.887      0.755
  -1   -2     22.339      7.690     -7.875
 605  808     20.073     -9.274    -15.245
 394 1448     24.745     17.522      8.322
  -1   -2     -5.893    -15.311     16.702
  -1   -2     18.714     -4.972     16.621
1837   -2     -0.384     -6.772     14.818
 437 1478      1.756    -15.898      8.874
  -1   -2     20.328      3.810      9.995
1429   -2    -13.055     10.166      4.566
  -1 2206      8.146     -5.595     11.696
1471   -2     -4.723      9.268      9.820
 444   -2     17.376     -3.935     15.528
  -1 1891     26.746     -0.098      4.603
  -1   -2    -13.659     13.266     11.835
 471 1921     16.761    -10.857      6.743
1483 1913    -22.136     -9.298      4.896
  -1   -2     14.817     12.312     12.710
1458 1896     -7.442    -10.049     13.740
1883 2212     -5.901      1.749      6.103
1459 1897     -6.366    -10.872      4.466
  -1   -2     -4.262    -11.876      5.041
 429 1471    -11.428    -10.928      9.665
1423 1869     -9.411     -8.648     12.519
  -1   -2     19.825      9.502      1.444
 550 1531      2.540     -6.581     -5.969
  -1 2200     18.846     -1.574     19.853
 424 1467    -17.268      7.998     14.660
  -1 2186      3.249    -17.356     14.219
  -1 1883      8.907     -4.551    -11.975
  -1   -2      9.709    -13.393      2.999
  -1   -2      3.036    -16.827     14.427
  -1   -2     -4.975     -2.490      5.525
  -1   -2     20.073     -7.023     -0.146
 432  553    -20.941    -13.584      1.905
  -1   -2     -2.182    -15.832      8.899
 172   -2    -13.620    -12.451     12.278
1473 2255      3.025     -8.899     13.735
 426   -2    -10.642     17.185     14.891
  -1  917     -2.981    -15.975     10.907
 381 1438    -15.677     -3.496      9.586
1833   -2      1.554     10.188     16.080
  -1   -2    -10.314    -12.230     10.784
  -1   -2     -6.311     11.395      8.256
  -1  261    -13.022     12.494      8.650
  -1 1927     20.304      7.403     -6.117
  -1   -2      9.746    -15.065      6.981
 534 1522    -14.171     11.375      9.793
 503   -2      5.515    -13.850     15.117
  -1   -2    -23.318     -4.839     -0.738
1526 1945      4.374    -13.864     17.358
 431 1473      7.896    -13.374      4.865
  -1   -2    -21.970      3.246     10.712
 537   -2     -3.726      8.349    -14.424
  -1 2197      8.858    -11.585      7.892
  -1   -2     -3.290      8.021      7.349
  -1   -2     -4.002     10.239      8.299
  -1 2189     -3.741     12.694      5.462
  -1   -2     20.562      3.562     -2.317
1468   -2     -6.659     -8.328      8.526
  -1   -2     12.172     -7.386      6.499
1507 2256    -16.303     11.780     -6.833
 540 1525     -6.372     -0.908     14.414
 577 1544    -18.228      2.041     10.889
 507 1509     12.288     -8.232     15.737
  -1 1983     20.690      7.262     15.713
  -1   -2     11.257     -6.742      4.834
1504   -2     12.721     16.901     13.655
1536   -2     -9.810     10.042     14.532
1470 1905    -20.011      2.159     14.352
1452 2257     -8.674      7.042     -1.152
  -1   -2     -2.631    -15.317     17.784
1506   -2     -5.892     13.132      8.580
  -1   -2      8.281      8.916      7.979
1549 1952     12.238     -0.714     13.207
  -1   -2     21.589      8.454     16.746
  -1 2233    -19.880     -9.987    -12.748
 623 1557     -3.317     -4.941     16.700
 523   -2      3.032     11.521     14.053
  -1 2219     24.262      5.311      9.983
 143   -2     11.020      4.612      5.719
  -1   -2     -2.794    -12.196      4.024
  -1   -2     16.841     17.582     15.852
 554  125    -15.374      1.684      8.013
  -1   -2    -22.036     -7.704      8.386
 606 1906     13.922     10.772     16.861
  -1   -2    -18.075      8.788      2.493
1546   -2     18.253     12.175     16.290
  -1   -2      3.487      6.447      9.674
  -1   -2     23.938     -9.831    -10.407
 560   -2      0.052     10.160     -8.094
1553   -2     17.180     -7.513     17.059
 675   -2      8.335    -16.734     11.607
  -1   -2    -18.018     18.128      9.061
  -1   -2     -6.411     16.141      5.849
  -1 1946     12.115    -14.230      2.376
 693 1581     11.859     13.388     12.597
  -1 2224     22.395     16.900     14.101
  -1 1943     13.418    -10.000     19.129
  -1   -2     -1.436      6.884      4.783
  -1   -2      5.758    -14.442      7.111
  -1   -2     -6.872     16.816     15.967
  -1   -2    -11.492      0.488     13.555
  -1   -2      8.973     18.479     16.590
 641  834      8.821     -2.178    -15.182
  -1   -2     15.173    -10.495     -3.092
  -1   -2     20.677     12.879     11.486
 901 1621    -10.782    -13.080     -7.136
 586   -2    -14.988     -8.565     16.419
  -1   -2    -24.208    -13.584      4.786
 839   -2      1.125      0.668      3.584
 569 2258     -4.342     10.245    -19.399
 747 1594    -24.868     -4.826      3.695
 652   -2      8.050     -5.103      9.631
  -1  225     -7.031     -1.803      8.667
  -1 1948     23.908     17.845      2.610
1370 1835     17.603      4.896     -0.569
  -1   -2     23.715     15.179     10.609
 923 1625      2.201      7.028      2.437
 183 1330    -23.338      5.991      3.903
 719 2259     13.009      4.232     18.739
  -1 1955     13.691    -15.899     18.830
1392   -2     -9.608     14.747      8.528
 655 1565     14.748      4.789      5.930
 275 1389    -16.867      1.851     -4.933
 858   -2    -15.119      6.169    -12.128
 549 2260      8.499      9.465      6.125
  -1   -2    -20.932     14.388      8.687
 794   -2    -17.209      9.168    -11.164
 497   -2    -22.153      5.865     -0.807
 924 2261     15.373    -13.723     13.079
  -1   -2     -4.717     14.778     15.655
  -1   -2    -21.109      8.127      4.270
 728   -2     21.134      2.139     -3.435
 715   -2     -0.338     -3.111      2.935
 851   -2      1.625     -0.158      2.516
1002   -2     20.656      4.435     -5.113
 988 1635     -0.121     -8.610      1.129
 442   -2      2.735     -2.180      8.538
 842   -2    -18.832      1.209     -3.257
 877 1618     -0.397    -13.583      7.316
 770 1603     -2.595     -9.712      8.381
 664 1570      2.818      8.679     -7.119
 725   -2     20.487     17.323     10.171
  -1   -2      7.361    -11.264      5.348
 333 1414     15.812     11.892      4.019
  -1   -2     -7.136      1.019     -0.591
 683  846      2.681     -4.563     19.579
 151   -2      6.530     -2.663     -9.741
 912 1623      6.372    -15.123      8.536
 920 1966     -2.961     -0.309     -6.123
 865   -2    -10.249     -9.842     -8.939
  -1   -2    -20.109     -3.767     -4.330
 576 1543     -3.354     18.692     11.851
1570 2262     -3.817     -1.922     -0.734
  -1   -2     12.033     13.472     10.958
1913   -2     13.797    -16.048      8.584
 338  348     10.364      4.904      2.933
 780   -2    -11.463     16.524     11.058
 760 1599     17.713     10.198     -0.036
 751 1802     19.619     14.785     13.279
  -1   -2     16.274      4.035      5.355
 718 1590     22.413     10.656      1.626
1049   -2    -19.166     16.816      9.619
1110 1643     24.568    -11.380      8.825
1584 1973      3.606    -16.357     18.680
1592   -2      6.239    -16.182     15.571
  -1 2181     23.555     -6.077     -1.927
1126   -2     21.733     -4.725     18.492
  -1   -2     19.729    -14.047      8.354
1591   -2      2.703     19.245     18.060
1117 1645      4.985     -7.586     14.329
  -1   -2     16.886    -12.940      0.525
1133   -2    -16.075    -15.638     19.709
1140   -2     21.117     19.081      9.457
1152   -2     -0.051    -12.155    -16.515
1156 1655     28.817     -8.819     10.901
  -1   -2     -7.397    -15.636     11.143
  -1   -2      6.641     -7.692     12.224
1599   -2     20.690      7.262     15.713
  -1   -2     16.182      9.503     15.420
1170 1661     13.092     -3.210     12.339
  -1   -2     12.673      8.050     10.750
  -1   -2     12.568     15.000     13.676
  -1   -2     18.480     -4.279     15.771
  -1   -2      1.945     -1.509     17.258
  -1   -2      9.440     -7.280     15.441
  -1   -2      9.440     -7.280     15.441
  -1   -2      8.187     13.187     12.558
  -1   -2      8.816     -5.506     16.623
  -1   -2     22.065      9.435      6.032
  -1   -2     10.464     15.131     17.823
  -1   -2     14.552     15.862     13.142
1197 1687    -19.994      0.002      5.130
  -1   -2     11.841      6.351     19.443
  -1   -2     21.612      8.784     11.433
  -1   -2    -26.026     -0.206      1.212
  -1   -2     19.908      5.111     17.142
1192   -2     19.312     10.119     16.118
  -1   -2     18.440      7.439     11.827
  -1   -2     11.919      8.228     13.537
  -1   -2      3.898     11.826     19.343
  -1   -2    -24.323     -5.509      4.095
  -1   -2     18.826      7.153     14.629
  -1   -2     17.372      9.516     19.526
  -1   -2     13.411     -9.370     10.128
  -1   -2     13.411     -9.370     10.128
1885   -2     12.997     11.339     19.560
  -1   -2      5.397    -15.263     10.479
  -1   -2     11.758     -9.078     11.541
  -1   -2     12.855     -8.551     16.917
  14   -2     12.855     -8.551     16.917
  -1   -2     15.665      9.068      9.513
  -1   -2     21.237     10.272      5.925
  -1   -2     -7.033    -14.883      6.583
  -1   -2     10.732    -14.738     17.486
  -1 1997     10.810    -14.662     17.779
  -1   -2     15.467     11.570     11.393
  -1   -2      0.061     13.903     19.051
  -1   -2     22.688     -6.365      6.979
  -1   -2     22.688     -6.365      6.979
  -1   -2      9.393     12.992     18.797
  -1   -2     23.633      2.105      4.680
  -1   -2     14.110      6.712      9.565
  -1   -2    -23.907     -2.912      3.470
  -1   -2    -23.484     -3.554     -0.127
1224   -2      3.123    -10.238      9.583
  -1   -2     11.021    -10.883     14.387
  -1   -2     11.021    -10.883     14.387
  -1   -2      9.847     -9.202     15.921
  -1   -2     11.296      6.698     11.337
  -1   -2      3.794     13.385     17.396
  -1   -2     -9.270      9.256     11.628
  -1   -2      9.836      5.770     13.136
  -1   -2    -21.572     -3.247      2.383
  -1   -2    -26.070      3.917      0.736
  -1   -2      8.930      8.965     12.962
  -1   -2    -18.790     -7.340      7.061
  -1   -2    -23.817      3.716     -0.783
  -1   -2     18.965      6.760     11.240
  -1   -2    -19.795     -7.532      6.758
  -1   -2    -18.131     -8.371      0.669
  -1   -2      8.678     -1.445     14.853
1245 1731      8.740     -1.361     14.995
1230 1718      9.016    -13.994     19.311
  -1 2039    -21.002      3.179      8.422
  -1   -2    -21.002      3.179      8.422
1241 2091     13.158     14.025     15.524
  -1   -2    -24.115     -9.329      2.508
1661 2035     12.749     -4.277      7.604
1680   -2    -10.362      4.133     10.639
  -1   -2      8.323     -9.751     17.256
  -1   -2     -7.590     -9.640      6.821
  -1   -2      9.315     18.294     19.906
  -1   -2     22.068     10.451      9.780
  -1   -2      3.964     -9.625     15.118
  -1   -2      5.351      9.413     14.872
  -1   -2    -21.896     -5.153      3.644
  -1   -2     10.178     11.796     11.408
  -1   -2    -23.266    -12.167      7.948
  -1   -2      7.681     13.031     11.785
  -1   -2      8.598     12.812     16.359
  -1 2058      7.886    -10.185     19.210
  -1   -2      7.886    -10.185     19.210
  -1   -2     11.585     -7.199     15.474
1433 1877     19.825      9.502      1.444
  81   -2     -0.823      8.141     12.247
  -1   -2    -24.251      4.218      4.396
  -1   -2    -24.128      4.272      4.580
  -1   -2    -24.263      4.168      4.218
  -1   -2    -24.128      4.272      4.580
  -1 2082     23.670     -0.003      7.950
  -1   -2      0.412    -13.967      8.385
1310 1789      0.579    -14.027      8.873
  -1   -2      8.179     17.162     12.181
  -1 2059     -7.079      2.960      6.008
  -1   -2     -7.079      2.960      6.008
 138   -2     -0.330     15.321     18.417
  -1   -2      5.903     15.936     13.274
  -1   -2      9.567      6.016     15.972
  -1   -2      0.306     12.471     11.968
  -1 2102      0.373     12.521     11.811
  -1   -2      3.277     11.184     12.444
  -1   -2     -1.603      6.087     15.975
1289   -2     -1.454      6.161     16.312
  -1 2013    -17.709      1.013     10.470
  -1   -2     12.498      7.046     13.836
  -1   -2      3.537      5.222      0.976
  -1   -2    -20.165     -9.678     11.082
  -1   -2    -20.258     -9.594     10.807
1298 2263     -2.067      0.987     12.193
  -1 1752      5.581     -0.097     11.587
  -1   -2     22.641     -5.057      7.772
  -1   -2     -9.785     11.347     14.475
  -1 2065    -13.526      1.350      3.655
  -1   -2    -13.526      1.350      3.655
 167   -2     11.062      0.116      8.109
 158  179      0.625     -0.952     18.664
  -1 2068    -20.913     -1.357      9.495
  -1   -2    -11.927     -2.937      6.695
  -1   -2      1.566     11.203     11.805
  -1   -2      1.566     11.203     11.805
  -1   -2    -15.105      2.367      7.111
  -1   -2    -17.041     -7.090      9.133
  -1   -2    -17.041     -7.090      9.133
  -1   -2     20.681     11.169      3.774
  -1   -2    -16.476     -0.644     -0.543
  -1   -2     -7.903      3.890      4.377
1719   -2     -7.903      3.890      4.377
  -1   -2    -19.570    -10.617      5.809
  -1   -2    -19.570    -10.617      5.809
1732 2095     -5.489     -0.604      0.245
  -1   -2    -21.806     -4.812      5.422
1715 2083      1.930      0.810     18.511
  -1   -2     22.813      5.075      3.317
  -1 1327    -10.525      7.555      6.594
  -1   -2     17.106      5.804      8.547
  -1   -2    -12.025     -9.552     -1.135
  -1   -2    -22.398     -8.851      2.093
1297 1779    -10.786     -1.981      5.900
  -1   -2     -6.489      2.269     19.315
1342 1814    -11.360      2.003     15.899
  -1   -2     24.227      2.806      3.751
  -1   -2      2.153     17.276     15.155
  -1   -2    -24.065     -7.263      5.328
  -1   -2     17.165     -2.600     12.534
1902   -2    -20.994     -7.142      4.892
  -1   -2     15.050     15.900     17.098
  -1   -2    -16.333     -3.965      1.632
  -1   -2      1.153      7.797     13.753
  -1   -2     12.033     13.472     10.958
  -1   -2    -14.725      4.674     15.331
  -1   -2    -14.712      4.650     15.344
1346   -2      0.265     16.948     15.260
  -1   -2     18.350      1.875      8.136
  -1   -2      0.668      5.692     11.649
  -1   -2      0.668      5.692     11.649
  -1   -2      5.355      1.503     18.141
  -1   -2      5.413      1.438     18.267
  -1   -2    -20.966      8.738      5.479
  -1   -2    -20.791      8.844      5.900
  -1   -2    -20.791      8.844      5.900
  95   -2     19.029      3.128      5.541
  -1   -2    -15.812      5.809     19.069
  -1   -2     -0.094     15.432     13.692
  -1   -2    -14.071     -7.170      1.395
  -1   -2     13.143     -4.745     11.738
  -1   -2    -20.188    -10.824      9.756
  -1   -2    -20.171    -10.843      9.805
  -1  247      0.378      6.814     18.228
  -1   -2      0.401      6.785     18.278
1648 2023    -12.150     -9.864      9.023
1520   -2     18.985     11.323      1.695
  -1  197      0.519     10.407     12.141
  -1   -2      0.563     10.433     12.224
  -1   -2    -17.785    -11.401      4.787
  -1   -2    -17.785    -11.401      4.787
  -1   -2      9.646     10.233      8.256
  25 1206    -16.036    -12.884      3.481
  -1   -2     10.463     -9.082      6.948
  -1   -2    -11.470     14.687     10.840
1273 1757     -2.189      3.352      3.960
1256   -2    -11.471     -5.229      4.976
  -1   -2     25.961      2.040      2.898
  -1 2132     -4.809     17.664     15.072
  -1   -2     -4.809     17.664     15.072
  -1   -2      2.423      0.618     15.200
  -1   -2     -1.007     14.303     10.382
  -1   -2     -0.914     14.328     10.606
1778 2136     19.436      6.466     -0.770
 524 1517    -21.970      3.246     10.712
  87   -2    -11.788      9.311     16.885
  -1   -2      4.087     15.578      9.686
1363 1830     -8.481      4.951      2.159
 123   -2     13.285    -14.484     15.639
1322 1796     -5.454      5.999     18.428
 280   -2     16.219      4.023      5.233
  -1   -2     22.669      0.392      3.156
  -1   -2     15.023     10.311     19.358
  -1   -2    -14.510    -12.632      5.197
  -1   -2    -14.494    -12.627      5.232
1326   -2     24.664     -2.462      4.626
 168  198     10.704      4.261      7.272
1794 2146    -10.314    -12.230     10.784
1801 2152      5.407     -4.702     -1.792
 325 1824     10.718      2.819      2.504
 242 2264      0.790     13.728     16.397
1378   -2      0.872     13.709     16.500
  -1   -2    -19.256     -0.233      3.509
  -1   -2     -6.758     -7.012      6.702
  -1   -2     -6.758     -7.012      6.702
  -1   -2      7.933     -2.627     18.499
  -1   -2     -9.416     -4.398      1.881
1374 1838     -0.951     -1.806      4.456
1914   -2     -4.242      2.742      1.887
1795   -2    -24.240     -2.480     -1.829
  -1   -2    -11.523     -6.039      1.666
  -1   -2    -11.553     -6.033      1.605
1368 1833    -20.255      9.186      8.996
  -1 2145     26.459     -1.306     -0.218
  -1   -2     26.459     -1.306     -0.218
 357 1424    -12.467      7.453     -1.193
1792   -2    -12.708      7.217      5.354
  -1   -2      9.661     12.949      8.253
 959   -2     -2.372     13.209      3.728
1372 2148    -10.565    -12.986      4.444
 633 1560      8.262      8.924      7.955
 269   -2     16.683      1.434      3.775
  -1   -2    -20.718      7.085      4.210
  -1   -2    -20.718      7.085      4.210
1361   -2      3.607     11.451    -15.006
1912 2230     18.794     12.417      1.304
 234   -2     21.593     -7.868      7.229
1384 2232     13.518      4.510      7.071
  -1   -2     12.951      7.372      3.317
1919   -2      5.590     11.751      8.027
 142  304    -11.305     -2.169     -2.976
  -1   -2     13.067    -13.104     11.267
1806   -2     15.649      6.613      6.791
  -1   -2     13.903    -14.272     10.224
1401   -2      9.533    -14.958     11.786
 484  736    -10.048    -14.063      6.394
1403 1856     -3.769     -3.112      6.706
  -1   -2    -16.991      7.012      6.751
  -1   -2    -17.141      6.913      6.416
1408 1860     14.804     12.334     12.744
  -1   -2     -0.902    -16.148     12.817
  -1   -2    -16.490     11.563     13.604
1863   -2    -12.450      5.774      8.378
  -1   -2    -16.974     13.332     15.941
 487 1501    -17.468     -4.805    -11.289
  -1   -2     -6.716    -13.368      7.857
  -1   -2     -5.943    -12.605      7.143
 651   -2     20.328      3.810      9.995
  -1   -2     26.746     -0.098      4.603
  -1   -2     25.816     12.615      5.711
  -1   -2    -24.645     -4.193      3.159
1841   -2     16.278      1.968     -5.616
  -1   -2      9.746    -15.065      6.981
  -1   -2     21.478     -7.552     12.892
  -1   -2      0.790    -15.734     16.855
  -1   -2      3.249    -17.356     14.219
  -1   -2    -11.706      9.844     12.158
  -1   -2     -0.605    -14.546     12.591
  -1   -2    -14.123      6.129     10.666
 489 2177    -17.995     10.854     13.475
  -1   -2     -5.118    -14.411      9.036
  -1   -2     -2.618    -12.336     13.790
  -1   -2    -16.934      3.411      8.263
  -1   -2    -13.022     12.494      8.650
1844   -2     -6.311     11.395      8.256
1858 2198      8.937     -3.132     10.357
1534 2252    -17.919     -8.948     -3.955
1415   -2     -5.929    -13.314     10.872
  -1   -2     -2.182    -15.832      8.899
  -1   -2    -15.837     15.058     18.960
 401   -2     -9.017    -15.848     11.151
  -1   -2      3.036    -16.827     14.427
  -1   -2     16.896    -12.769      5.877
  -1   -2     18.714     -4.972     16.621
1460   -2    -16.494      5.549     19.672
  -1   -2     -4.975     -2.490      5.525
  -1   -2     23.451      5.652      8.983
1848   -2     -3.741     12.694      5.462
 119 2188      9.469      6.191     17.641
 482 2237     11.257     -6.742      4.834
  -1   -2      8.858    -11.585      7.892
1859   -2     -5.893    -15.311     16.702
  -1   -2     22.339      7.690     -7.875
  -1   -2     -8.438    -14.196     15.078
  -1   -2    -18.213      4.094      1.532
 709 1957      7.361    -11.264      5.348
1871   -2      8.146     -5.595     11.696
1528   -2     12.115    -14.230      2.376
1439   -2      8.879     -4.591    -11.834
  -1   -2     -0.520    -12.695     18.835
  -1   -2     18.846     -1.574     19.853
  -1   -2     -4.002     10.239      8.299
1518   -2    -16.388    -10.591      8.825
  -1   -2     20.562      3.562     -2.317
1893   -2    -14.874     -5.185     18.840
  -1   -2     -0.201    -13.023      8.582
1321 1795     -4.109     -6.796      2.774
  -1   -2     24.262      5.311      9.983
  -1   -2     21.589      8.454     16.746
  -1   -2     -6.681     -4.230      4.549
 556 1909     20.073     -7.023     -0.146
  -1   -2     12.172     -7.386      6.499
1508   -2      8.260     17.484      9.762
  -1   -2      5.758    -14.442      7.111
  -1   -2    -20.109     -3.767     -4.330
 508   -2     20.304      7.403     -6.117
1435   -2     21.253     -4.835     10.398
  -1   -2     15.173    -10.495     -3.092
  -1   -2      3.487      6.447      9.674
  -1   -2    -24.208    -13.584      4.786
1501 1928    -22.036     -7.704      8.386
1878   -2      6.039     -1.258      7.315
  -1   -2      0.494     -8.135     17.873
  -1   -2      0.502     -2.956      1.626
1901   -2     -2.794    -12.196      4.024
  -1 1542    -14.714      0.203     16.449
  -1   -2    -16.029     -8.769     16.930
1425   -2    -22.948      5.272      9.683
 805 1949     -6.411     16.141      5.849
  -1   -2     23.983     -9.828    -10.272
1916   -2    -19.880     -9.987    -12.748
  -1   -2     -6.859     16.817     16.007
  -1   -2     -6.872     16.816     15.967
1544   -2     22.395     16.900     14.101
  -1   -2     16.841     17.582     15.852
1516 1941    -15.797     -9.861     14.671
  -1   -2     23.715     15.179     10.609
1887 2215      9.709    -13.393      2.999
 522 2229    -13.659     13.266     11.835
  -1   -2    -17.451     -0.506     -1.042
  -1   -2      1.303     -9.285      5.427
1312   -2      1.284     -9.315      5.519
1563 2265    -19.354    -12.594     -2.785
 156   -2     -1.436      6.884      4.783
1554 1954    -19.013    -10.064    -19.761
  -1   -2      8.973     18.479     16.590
 691 2266     -3.005    -15.965     10.987
 929 1626    -20.932     14.388      8.687
 817   -2     23.908     17.845      2.610
 506 1959    -11.492      0.488     13.555
1568 1964    -18.075      8.788      2.493
1573   -2     -7.134      1.021     -0.573
1577   -2     11.060    -16.043     13.476
1921 2235     19.729    -14.047      8.354
1590   -2     16.886    -12.940      0.525
1167 1977      6.641     -7.692     12.224
1169   -2     16.182      9.503     15.420
1596 1980    -20.922     -4.638      9.455
1606   -2     12.568     15.000     13.676
1623 2003     11.758     -9.078     11.541
  78   -2     14.552     15.862     13.142
1600 1984     12.673      8.050     10.750
1614 1996      9.440     -7.280     15.441
1194   -2     11.919      8.228     13.537
  24   -2     10.464     15.131     17.823
1216 2000      0.061     13.903     19.051
 477   -2     17.514      7.468     10.180
   6 1989     18.480     -4.279     15.771
1616   -2     10.810    -14.662     17.779
1177   -2      1.945     -1.509     17.258
1182   -2     21.612      8.784     11.433
1211 1992    -13.309     -9.756      9.925
1168 1999     22.065      9.435      6.032
 128   -2      1.701      7.156     12.475
  36 1216      3.105     -5.095     14.223
  63   -2      8.598     12.812     16.359
1611 1993     15.467     11.570     11.393
1626   -2     23.633      2.105      4.680
  57   -2     15.665      9.068      9.513
 379   -2     13.411     -9.370     10.128
  62   -2      5.411    -15.285     10.522
  75   -2      8.187     13.187     12.558
1654   -2     10.178     11.796     11.408
 149   -2    -24.323     -5.509      4.095
  43 2022     18.965      6.760     11.240
1243 2034    -21.913     -5.144      3.623
1632 2009     19.908      5.111     17.142
1634   -2     11.841      6.351     19.443
  26   -2      3.898     11.826     19.343
   5   -2    -26.026     -0.206      1.212
1226   -2     -7.397    -15.636     11.143
1215   -2      8.323     -9.751     17.256
1621 2001     17.372      9.516     19.526
1657 2031      9.848      5.799     13.143
1645   -2    -19.795     -7.532      6.758
  86   -2    -21.572     -3.247      2.383
   4 2053    -18.131     -8.371      0.669
1191   -2     11.296      6.698     11.337
1705 2071     12.033     13.472     10.958
  34   -2     18.440      7.439     11.827
  -1   -2    -24.128      4.272      4.580
  -1   -2    -16.991      7.012      6.751
 136   -2    -17.141      6.913      6.416
1685 2056    -24.115     -9.329      2.508
1656 2030    -26.056      3.898      0.755
1220 2050    -23.482     -3.575     -0.171
1253 2160    -14.196    -11.707     11.889
1667   -2     14.110      6.712      9.565
1628   -2      8.816     -5.506     16.623
1659   -2     11.021    -10.883     14.387
1255 2114     20.681     11.169      3.774
1221   -2    -18.790     -7.340      7.061
1670 2044     12.498      7.046     13.836
  76   -2     21.237     10.272      5.925
1681 2052      8.179     17.162     12.181
  64 2055      5.351      9.413     14.872
 223   -2     17.165     -2.600     12.534
1308 1788     18.350      1.875      8.136
1266   -2      1.566     11.203     11.805
1687   -2      7.886    -10.185     19.210
1688   -2     -7.079      2.960      6.008
1222 2048      9.847     -9.202     15.921
1261 2018      7.681     13.031     11.785
1689 2060      3.277     11.184     12.444
1683   -2     22.068     10.451      9.780
1663   -2      3.794     13.385     17.396
1704 2070     22.641     -5.057      7.772
  -1   -2     22.688     -6.365      6.979
1672 2046     18.826      7.153     14.629
1272 2041    -23.817      3.716     -0.783
1753 2113    -22.398     -8.851      2.093
  -1 2138     12.859     10.541      2.653
1783   -2     12.859     10.541      2.653
  -1   -2      9.315     18.294     19.906
1884   -2     -7.590     -9.640      6.821
1652   -2      9.393     12.992     18.797
1467   -2     11.585     -7.199     15.474
  -1   -2      5.581     -0.097     11.587
  -1   -2     17.106      5.804      8.547
  -1   -2     17.028      5.889      8.303
1706   -2     17.106      5.804      8.547
 145   -2      3.945     -9.640     15.145
  41 2088    -19.537    -10.629      5.850
1714   -2     23.670     -0.003      7.950
 200 2131      4.057     15.562      9.693
  73   -2      0.668      5.692     11.649
1710 2077      0.820      5.718     11.742
1666   -2    -21.002      3.179      8.422
1694 2063    -15.105      2.367      7.111
 243   -2      0.233     12.457     11.774
1742   -2      0.373     12.521     11.811
 131 2081    -23.264    -12.132      7.786
1727 2092      5.295     -8.965     15.571
1724   -2    -21.806     -4.812      5.422
  -1   -2    -24.065     -7.263      5.328
  -1   -2      3.603      5.216      0.811
1274   -2    -20.913     -1.357      9.495
1323 2105     13.143     -4.745     11.738
1761   -2      3.487      6.447      9.674
 174 2121    -16.476     -0.644     -0.543
1728   -2    -16.333     -3.965      1.632
1703   -2     10.527     -9.039      7.093
 259 2108    -20.171    -10.843      9.805
1653   -2    -23.907     -2.912      3.470
1263   -2      5.413      1.438     18.267
 663   -2     -3.290      8.021      7.349
  -1   -2    -13.526      1.350      3.655
1254   -2    -13.526      1.350      3.655
1258   -2      2.423      0.618     15.200
 251 2267      7.978     -2.532     18.623
 262 2123     24.227      2.806      3.751
1723   -2      9.567      6.016     15.972
1730   -2      0.401      6.785     18.278
1300 2086     -2.502      5.102      4.302
  -1   -2    -20.258     -9.594     10.807
  -1   -2    -20.165     -9.678     11.082
1699   -2    -20.258     -9.594     10.807
1766 2126    -14.712      4.650     15.344
1359 2118    -14.494    -12.627      5.232
1320   -2     15.023     10.311     19.358
 215   -2    -19.283     -0.246      3.483
 284 2097     15.050     15.900     17.098
  -1   -2    -17.041     -7.090      9.133
  -1   -2    -17.041     -7.090      9.133
1649 2024    -24.576     -2.588     -1.727
1743   -2     25.961      2.040      2.898
1876   -2    -20.109     -3.767     -4.330
1744 2104    -17.785    -11.401      4.787
 214 2268      0.248     11.315     17.679
  -1   -2    -15.812      5.809     19.069
  -1   -2     -6.743     -6.979      6.710
1733 2096      2.153     17.276     15.155
1785   -2     -9.416     -4.398      1.881
 217   -2     -9.054      9.097      2.967
1265 2101      5.903     15.936     13.274
  99   -2     22.669      0.392      3.156
1750 2110      3.387     11.855     11.290
1341 2129      2.497     14.659     10.555
  -1   -2    -20.368    -10.240      1.443
1894 2220    -20.291    -10.283      1.622
1784 2139     22.813      5.075      3.317
1775   -2    -14.071     -7.170      1.395
1797   -2    -20.736      7.107      4.149
1787   -2     -4.717     14.778     15.655
1165   -2     -7.033    -14.883      6.583
1805 2155     12.883     13.150      1.504
1851  201     -9.733     11.038      3.402
1747   -2    -12.025     -9.552     -1.135
1240 2098     -0.861      8.176     12.326
1776   -2     23.325      5.326      0.941
1390   -2    -17.451     -0.506     -1.042
 297 2112      4.625      5.162     -4.747
1353   -2     -0.094     15.432     13.692
1317 1792      9.606     10.219      8.250
1804   -2     12.951      7.372      3.317
1782 2137    -16.934      3.411      8.263
1800 2151     -6.872     16.816     15.967
 889 2149    -11.523     -6.039      1.666
1799 2150    -20.839      8.850      5.794
 378   -2     13.067    -13.104     11.267
1409   -2     -6.716    -13.368      7.857
1455   -2    -15.837     15.058     18.960
 469   -2     -5.943    -12.605      7.143
1809   -2     16.896    -12.769      5.877
 385 2162     -0.902    -16.148     12.817
1855   -2     25.816     12.615      5.711
1815 2164     -9.785     11.347     14.475
1860 2199     -2.182    -15.832      8.899
1198 2106    -11.470     14.687     10.840
1432 2173     21.478     -7.552     12.892
1440   -2      0.802    -13.088     10.161
1820 2166     -8.438    -14.196     15.078
 464   -2     26.746     -0.098      4.603
1830 2174     -0.605    -14.546     12.591
 414   -2     -5.118    -14.411      9.036
1853 2194     -4.975     -2.490      5.525
1828 2172    -16.974     13.332     15.941
1896 2223     -6.006    -14.561     14.695
 418   -2    -24.645     -4.193      3.159
1426 1871      0.819    -15.749     16.915
 486   -2     -2.631    -15.317     17.784
1843   -2     23.451      5.652      8.983
1862 2201     -9.270      9.256     11.628
1832 2176    -11.706      9.844     12.158
1852 2193     13.903    -14.272     10.224
 463   -2      9.746    -15.065      6.981
1840   -2     23.555     -6.077     -1.927
  -1  227    -16.367      1.537     17.691
1875   -2    -16.308      1.446     17.864
1873   -2    -11.970     -2.966      6.617
 542 2190    -14.123      6.129     10.666
1673   -2      8.930      8.965     12.962
1637   -2    -17.706      0.995     10.505
1446   -2      3.036    -16.827     14.427
1490 2207     26.621     -1.772      3.467
 113 1284     -0.169    -12.992      8.654
1866 2203     -0.097    -13.038      8.783
1879   -2      0.502     -2.956      1.626
 459 2183    -16.490     11.563     13.604
 531   -2    -13.022     12.494      8.650
1513   -2      8.858    -11.585      7.892
1838   -2     -2.618    -12.336     13.790
1845   -2      3.249    -17.356     14.219
 702 1944     15.173    -10.495     -3.092
1881 2211     12.172     -7.386      6.499
1836 2179      5.758    -14.442      7.111
  -1 2111      0.473     10.380     12.109
  -1   -2      0.583     10.422     12.256
 627 2205     21.589      8.454     16.746
1864   -2    -18.213      4.094      1.532
 619   -2     24.262      5.311      9.983
1895 2221     16.841     17.582     15.852
 758   -2     23.715     15.179     10.609
1856   -2     18.714     -4.972     16.621
 574   -2    -14.714      0.203     16.449
 509   -2     20.562      3.562     -2.317
1861   -2     18.846     -1.574     19.853
1478 1910     -4.002     10.239      8.299
 470   -2     22.339      7.690     -7.875
 748  501      5.263     -8.933      6.289
1556   -2     13.691    -15.899     18.830
1774   -2     -4.809     17.664     15.072
1764 2124      9.647     12.945      8.291
1920   -2      8.973     18.479     16.590
  -1   -2     23.983     -9.828    -10.272
 648 1937    -24.186    -13.614      4.719
  -1   -2     22.688     -6.365      6.979
1707   -2    -17.041     -7.090      9.133
1736 2099     -6.489      2.269     19.315
1763   -2     -6.743     -6.979      6.710
 285   -2     26.459     -1.306     -0.218
  -1   -2    -10.100    -13.779      9.458
1521   -2     13.418    -10.000     19.129
  15 2269     13.676      9.833     19.967
1228   -2      6.803      2.755     12.961
 117   -2    -24.251      4.218      4.396
 169   -2      0.519     10.407     12.141
1269   -2      5.562     -0.072     11.560
 360   -2     -1.007     14.303     10.382
 488 2270     -0.532    -12.658     18.731
 587   -2    -23.318     -4.839     -0.738
 643   -2     -4.262    -11.876      5.041
 835   -2      3.537      5.222      0.976
1281 2271      4.874    -14.150     16.665
1290 2272      0.525     -0.960     18.402
1291 2273     -5.171     -2.478      2.323
1419 1507      5.515    -13.850     15.117
1524 2274    -16.029     -8.769     16.930
1631 2275     17.512     -9.056     17.834
1779 2276      0.494     -8.135     17.873
1908   -2      1.303     -9.285      5.427
1910  719     23.938     -9.831    -10.407
1926 2277     10.357     -0.526    -11.621
1928 2278    -11.822    -14.318      4.081
1930 2279    -17.547      8.203     14.004
1931 2280    -13.847     -6.402    -16.151
1932   -2     12.675      4.877      7.014
1934   -2     18.683     13.922     16.358
1938 2281     11.858     18.185     13.076
