1181
   1     6.730    -7.863    12.321  924 1280 1240 1198
   2   -20.745    -4.589     9.473 1001  902 1002 1212
   3    13.032    -3.279    12.383  700 1134 1084  998
   4    16.204     9.434    15.351  200  593  520  370
   5    14.621    15.888    13.199   15  231  252  120
   6    -7.500   -15.529    11.345 1351 1467 1477 1516
   7    20.642     7.214    15.734  257  752  650  436
   8    12.609     8.028    10.555  250  586  618  499
   9    22.106    14.151     9.972   10  352  393  176
  10    10.578    15.077    17.783   70  280  220  133
  11    16.989    -7.848    14.622  864 1382 1269 1141
  12    11.179    -3.344     9.634  695 1090 1103 1033
  13    12.663    15.005    13.743   40  263  267  164
  14    18.497    -4.293    15.759  726 1254 1115  984
  15    15.645     9.002     9.475  186  552  600  451
  16    18.271    -6.190    14.721  792 1330 1205 1067
  17   -13.120    -9.707    10.004 1136 1183 1247 1351
  18    15.526    11.493    11.388  117  456  473  320
  19    11.911     8.111    13.400  276  606  585  476
  20    19.301    10.091    16.079  170  594  503  314
  21     2.018    -1.578    17.392  755 1023  920  943
  22     9.396    -7.438    15.518  911 1312 1208 1148
  23   -18.778   -10.117    18.826 1301 1238 1172 1335
  24    10.684   -14.784    17.723 1201 1618 1478 1383
  25    18.404     7.349    11.796  241  685  670  483
  26    21.188    10.204     5.940   96  509  607  393
  27    22.024     9.353     6.068  119  556  651  424
  28    17.441     7.372    10.142  234  663  678  507
  29    12.033    -0.946     4.411  559  945 1051  975
  30     0.142    13.824    18.894  182  271  205  234
  31    17.392     9.488    19.528  221  646  495  317
  32   -24.155    -5.474     4.080 1017  868 1065 1294
  33    13.708     9.768    20.095  239  602  460  323
  34    11.665    -9.213    11.592  929 1366 1325 1236
  35     3.231    -5.170    14.499  869 1154 1101 1102
  36    14.012    10.652    16.923  187  532  452  313
  37    23.572     2.042     4.594  376  903  973  774
  38   -25.743    -0.210     1.181  809  590  853 1136
  39     8.754    -5.654    16.664  862 1244 1122 1080
  40    -0.281    15.266    18.199  132  191  142  189
  41     4.037    11.705    19.322  230  421  310  301
  42   -14.218    -3.418    -0.048  828  814 1061 1207
  43     5.128   -15.529    10.600 1224 1555 1529 1466
  44   -19.807     0.032     5.048  782  667  837 1075
  45    17.340    -9.016    17.526  922 1452 1300 1155
  46    -7.791     1.132    -0.771  589  652  908 1029
  47    19.879     5.089    17.139  375  853  723  533
  48    13.290    -9.479    10.173  915 1379 1350 1246
  49   -20.952    -1.974   -13.056  723  572 1073 1262
  50    11.880     6.321    19.454  406  757  606  494
  51   -16.803     7.138     6.508  506  359  514  753
  52    21.567     8.740    11.383  177  637  632  405
  53   -23.889     4.383     4.384  633  420  633  929
  54   -17.598     1.098    10.274  760  684  756  986
  55    18.579    14.013    16.632   53  396  320  138
  56   -22.636   -11.851     8.952 1314 1195 1304 1454
  57     8.341    13.258    12.588  112  306  333  280
  58   -16.368    -4.004     5.016  904  871 1033 1204
  59     8.686    12.699    16.298  145  375  324  266
  60    18.450    -8.061    11.735  838 1374 1309 1157
  61     7.847    13.181    11.827  113  295  339  292
  62    12.745    -8.620    16.985  945 1405 1265 1169
  63     1.827     7.088    12.341  401  558  581  587
  64   -21.318    -3.227     2.334  896  780 1001 1215
  65   -19.581    -7.481     6.801 1091 1016 1149 1320
  66    18.918     6.678    11.168  265  717  711  524
  67    19.790     9.563     1.755  102  490  669  477
  68   -11.957    -9.789     9.052 1122 1188 1262 1352
  69   -24.323    -2.575    -1.827  866  687  990 1234
  70    -7.156    -8.795    11.794 1079 1208 1221 1289
  71     6.876     0.617     6.270  552  854  940  917
  72     9.482    12.908    18.808  147  398  292  219
  73   -23.687    -2.938     3.341  906  759  956 1206
  74    10.288    11.868    11.439  138  383  416  337
  75    -4.382   -12.705    -6.593 1044 1221 1496 1514
  76     6.800     2.718    12.924  532  820  795  764
  77   -15.199     1.692     7.834  698  647  762  970
  78    -9.200   -12.098     4.283 1153 1262 1388 1445
  79     7.562    11.339    15.845  197  433  379  332
  80   -25.770     3.967     0.769  635  391  671  987
  81     9.869     5.698    13.110  400  708  686  593
  82    11.275     6.659    11.170  321  656  666  567
  83    10.905   -11.046    14.410 1026 1456 1367 1278
  84   -21.702    -5.126     3.558  982  865 1067 1269
  85    12.684    -4.355     7.632  711 1133 1165 1079
  86     8.248    -9.960    17.265 1029 1430 1297 1237
  87     3.895    13.268    17.322  162  319  262  256
  88   -19.965    -8.569     9.774 1156 1077 1176 1338
  89   -20.801     3.321     8.248  675  527  664  927
  90     6.203    -5.767    19.658  905 1257 1100 1068
  91     8.752    -1.472    15.066  679 1048  963  921
  92    14.043     6.692     9.465  289  661  696  561
  93     0.147    -6.817    -2.718  822 1047 1281 1292
  94   -16.191    -3.493     8.282  907  882  983 1161
  95   -23.592     3.741    -0.908  605  404  714  997
  96    22.633    -6.313     7.263  703 1291 1285 1109
  97    12.479     6.953    13.759  317  679  635  525
  98    11.499    -7.300    15.513  889 1332 1212 1137
  99    18.786     7.100    14.606  273  728  660  468
 100   -14.432     4.208    14.218  639  585  594  820
 101     9.027     8.917    12.866  258  539  525  459
 102    -1.743     7.857    15.582  427  529  493  546
 103     9.770    -9.389    15.933  988 1401 1290 1217
 104   -18.962     0.351    -0.991  713  595  888 1105
 105    14.068    -2.589    -2.322  558  978 1173 1083
 106    -0.178    -6.658    19.140  992 1240 1111 1139
 107   -15.007    -9.275    12.528 1164 1172 1201 1331
 108   -18.587    -7.278     7.093 1076 1018 1139 1308
 109   -23.264    -3.540    -0.151  900  758 1020 1248
 110     5.309    17.302     9.072    0   58  186  156
 111   -18.012    -1.634    11.262  880  807  872 1089
 112     4.298    -4.340    11.655  813 1107 1088 1087
 113   -10.304     4.192    10.422  578  589  659  824
 114    13.197    -7.183    -7.981  690 1113 1375 1279
 115   -16.255   -10.498     9.095 1193 1184 1272 1388
 116     8.338    17.300    12.301    1  101  167  109
 117   -17.952    -8.356     0.656 1050 1011 1236 1374
 118    22.033    10.371     9.787  108  543  567  350
 119     5.488     9.304    14.777  286  510  479  447
 120   -12.873    10.236     4.481  311  219  418  603
 121   -11.983    -6.154    19.052 1068 1125 1034 1173
 122    11.105     0.038     8.191  556  928  970  901
 123   -23.969    -9.296     2.438 1154 1022 1232 1416
 124     4.587     1.429    15.069  597  885  822  822
 125   -17.956     2.210    19.604  793  713  624  869
 126     7.796   -10.380    19.231 1072 1450 1302 1242
 127    18.250     1.811     8.017  458  904  931  788
 128    -6.800     2.924     5.967  564  635  772  891
 129     3.428    11.194    12.326  204  367  394  394
 130   -17.241   -13.225     7.140 1304 1270 1379 1494
 131   -18.230   -12.233    17.642 1364 1321 1273 1405
 132     3.148     3.904    14.198  528  749  717  715
 133     3.765     5.092     0.818  374  561  779  791
 134     4.940     1.126     7.062  553  824  905  897
 135    21.887    11.279     6.062   65  465  556  343
 136   -20.000     6.789     9.151  542  368  492  771
 137   -16.286    -8.886    11.440 1145 1142 1188 1332
 138     1.714    11.177    11.701  215  353  390  410
 139    16.417    16.680    19.160   12  258  182   26
 140   -14.921     2.379     6.907  658  605  739  953
 141   -13.323     1.340     3.557  662  639  831 1008
 142     8.322     9.164     7.844  218  476  558  501
 143     6.612    -0.025    13.058  630  942  911  884
 144     0.283   -13.991     8.905 1186 1445 1466 1446
 145     1.210    -9.134     4.385  955 1216 1336 1311
 146     3.816    -2.180    14.999  750 1044  967  982
 147   -20.076    -9.521    10.853 1208 1132 1202 1362
 148     8.587     4.125     8.354  440  730  778  729
 149    -9.965     0.017     9.185  734  783  858 1004
 150     8.869   -14.174    19.297 1209 1599 1438 1359
 151    12.935     4.795     7.659  369  723  781  677
 152   -20.754    -1.319     9.439  875  763  855 1101
 153    -7.180     6.821    17.840  521  555  484  601
 154    20.676   -10.443     9.354  884 1461 1406 1255
 155    10.473    -9.215     7.191  903 1323 1349 1263
 156    -0.995    14.826     4.377   73   77  278  341
 157     4.778   -14.354    16.592 1238 1554 1451 1395
 158    22.502    -5.081     7.770  661 1242 1229 1052
 159    -3.148     7.955     7.222  364  436  550  626
 160    12.161    13.511    11.069   74  316  355  259
 161     6.150    -7.250   -13.805  706 1014 1386 1344
 162    16.995     5.780     8.345  296  716  753  594
 163   -16.828    -7.046     9.212 1069 1041 1117 1282
 164     1.286    -1.376     4.912  660  891 1012 1036
 165    11.021     4.743     5.513  371  689  792  712
 166     9.455    18.223    19.686    7  127   75    4
 167     4.930    15.822    12.596   52  150  209  183
 168    10.547     1.822    10.238  524  864  882  819
 169   -12.593    12.458    19.162  339  238  188  380
 170     0.932     5.655    11.695  466  619  646  672
 171    17.116    -2.636    12.618  643 1140 1074  950
 172    12.809    -1.178     7.391  583  998 1035  954
 173   -11.374    -7.620     9.971 1042 1110 1177 1275
 174     1.348     7.738    13.756  389  542  526  551
 175   -23.171   -12.039     7.747 1315 1185 1321 1469
 176   -10.240     7.640     6.657  432  387  528  689
 177     1.444     6.603     2.076  341  493  697  719
 178    23.552    -0.069     7.897  488 1038 1039  846
 179     2.007     0.682    18.690  677  926  806  836
 180   -23.917    -7.203     5.195 1098  956 1126 1336
 181    -2.335     4.975     4.167  462  553  724  805
 182    -0.593   -12.488    18.987 1231 1470 1344 1347
 183   -21.996    -6.513    -0.504 1004  892 1160 1340
 184     1.380     9.112    -8.915  155  253  690  709
 185     0.635    -0.965    18.716  759  997  881  911
 186     5.630    -0.153    11.606  631  927  924  912
 187    -7.722     3.823     4.215  534  563  738  877
 188    -8.547    -8.624    10.628 1067 1176 1216 1303
 189     1.603    10.794     1.946  173  277  502  536
 190    14.609     5.087    10.945  370  756  743  617
 191    -9.966    -0.766    14.810  806  866  842  990
 192   -19.376   -10.560     5.851 1194 1135 1288 1421
 193   -15.101    -3.836     0.825  861  838 1066 1220
 194   -17.823   -12.438     1.509 1227 1187 1378 1508
 195    -5.592    -9.960    11.435 1103 1267 1279 1324
 196     9.596     5.954    15.955  415  722  643  558
 197   -21.608    -4.772     5.372  984  867 1041 1247
 198    -0.829    -6.299    19.811  989 1220 1087 1118
 199   -18.008    -2.091    15.745  937  872  843 1071
 200   -13.575    -2.320   -15.998  651  630 1140 1266
 201     4.018    -9.683    15.196 1040 1360 1282 1257
 202    -2.390     4.186    -8.301  390  477  869  944
 203     3.167     3.497    15.104  538  786  722  728
 204    13.244    13.960    15.485   78  340  305  184
 205     5.322    -9.142    15.599 1007 1357 1264 1232
 206   -16.106    -3.963     1.553  874  840 1062 1227
 207     3.333    10.167    11.657  242  417  461  452
 208     2.537     0.501    15.303  657  908  847  868
 209     0.488     6.725    18.205  473  628  523  556
 210    -1.155    11.373     8.076  201  284  396  456
 211    -5.310    -0.728     0.030  652  771  988 1076
 212    -3.141     5.347    19.152  546  681  557  633
 213     3.570    -4.578    12.502  830 1115 1093 1094
 214     2.223    17.246    15.042   37   76  109  117
 215    15.125    15.982    17.067   26  265  218   74
 216     1.652   -12.376     8.651 1112 1388 1412 1391
 217    -0.796     8.146    12.502  382  499  504  555
 218    -6.396     2.281    19.415  693  797  691  809
 219     0.280    16.947    15.125   55   78  108  139
 220    -0.712    -7.566    19.256 1020 1275 1144 1176
 221     6.076    15.963    13.345   46  161  201  165
 222    14.077    16.991    16.916    4  209  174   47
 223   -15.393     5.990    19.143  604  540  466  683
 224    13.170   -14.561    15.627 1150 1613 1492 1377
 225    -6.260     6.081    -3.243  384  405  719  844
 226     0.450    12.464    11.787  183  276  329  364
 227    25.842     1.965     2.821  349  910 1007  785
 228   -17.579   -11.346     4.855 1206 1168 1338 1447
 229    13.083    -4.843    11.792  751 1198 1153 1057
 230   -11.365    15.038    10.516  158   55  163  335
 231    16.113     4.033     5.209  359  765  851  721
 232   -11.742    -9.585    -1.050 1030 1084 1333 1402
 233   -19.996   -10.755     9.843 1256 1170 1261 1408
 234    -5.974     2.794     6.853  571  665  774  886
 235     0.225    17.285    20.101   75  109   51   81
 236     3.518    11.950    11.142  179  326  376  377
 237     0.708    10.352    12.196  263  393  421  454
 238     4.825     5.114    -4.714  313  525  830  838
 239   -22.247    -8.821     2.067 1116 1010 1227 1393
 240    20.627    11.143     3.818   60  438  586  381
 241   -14.145   -14.990     8.962 1363 1385 1444 1530
 242   -14.326   -12.566     5.375 1236 1251 1376 1470
 243     5.424     1.359    18.296  622  918  797  786
 244    -0.064    15.404    13.518   97  141  189  223
 245   -16.228    -0.677    -0.589  733  677  935 1125
 246    -6.101    -4.710    10.822  898 1037 1063 1151
 247    -3.931     4.845     9.613  516  599  675  756
 248     3.656     6.416     9.573  391  581  648  637
 249     2.198    -6.710    14.231  935 1215 1159 1160
 250    24.110     2.734     3.668  329  870  953  745
 251   -17.697   -11.745    14.621 1317 1273 1277 1403
 252    -6.537    -6.958     6.813  956 1082 1193 1258
 253     0.917    13.601    16.327  167  262  239  274
 254     3.503     7.409   -19.385  144  256  854  870
 255   -11.286    11.215     5.562  271  193  374  547
 256    -7.762    -3.763   -18.891  640  709 1242 1312
 257     9.819    13.236     8.307   83  278  381  308
 258    18.369    13.990     9.539   31  329  380  211
 259   -10.686    13.270     9.473  205  120  253  421
 260     7.947    -2.693    18.716  773 1129  984  947
 261   -14.443     4.822    15.277  617  564  551  770
 262   -23.047   -13.419     4.617 1343 1212 1384 1531
 263   -23.980    10.144     6.870  441  155  328  660
 264    -3.966    -6.807     2.603  893 1060 1224 1264
 265     0.309    10.172    14.012  287  414  407  445
 266     1.245    -5.820    11.958  886 1146 1136 1149
 267   -16.148    -3.514     5.628  892  857 1008 1186
 268     4.221   -14.021    17.203 1234 1548 1428 1384
 269    22.556     0.335     3.011  443  963 1055  876
 270     0.388    11.204    17.653  272  399  326  363
 271   -10.586    -1.969     5.829  789  830  971 1103
 272    -4.118     9.519    11.231  333  384  444  535
 273    -0.265     0.833   -10.416  493  633 1038 1070
 274    -3.259     5.537     9.934  479  568  647  723
 275    15.066    10.266    19.358  206  576  453  296
 276     2.590    14.696    10.518   89  176  259  272
 277   -19.081    -5.145    -1.078  925  844 1114 1296
 278     6.490     8.478    10.001  278  513  562  526
 279   -11.265     2.168    15.615  704  739  698  873
 280    10.686     4.332     7.162  403  724  796  720
 281    -8.879     9.086     2.880  314  285  509  654
 282    -5.061    -2.495     2.149  738  863 1052 1126
 283     4.214    15.686     9.610   45  123  230  220
 284    -6.487     8.309     3.830  352  360  548  666
 285   -19.241    -6.422    -3.704  951  880 1194 1349
 286    -4.794    17.771    14.834   57   23   50  137
 287    16.103     4.830   -16.961  168  515  996  888
 288   -13.859    -7.168     1.359  978  999 1203 1322
 289   -18.212     0.227     1.435  728  638  874 1088
 290     3.927    -6.179    -9.750  714  990 1326 1298
 291    23.159     5.301     0.857  209  718  873  656
 292    18.973    11.447     1.717   50  382  583  391
 293    -7.085   -14.890     6.691 1275 1416 1484 1521
 294    15.902    12.100     4.064   59  346  507  362
 295   -21.725     3.478    10.525  702  537  627  904
 296     5.791    -7.493    -7.185  764 1071 1360 1314
 297    19.313     6.426    -0.727  191  612  815  643
 298    -5.635     9.234    16.710  408  442  387  496
 299   -11.793     1.591     1.771  624  618  844 1006
 300     0.508    -8.141    18.180 1033 1295 1184 1194
 301    -8.171     6.692    -0.135  399  388  663  795
 302    -9.210    -5.028     1.379  860  933 1133 1240
 303     1.375    13.949     4.313   86  147  338  366
 304    10.647     2.829     2.264  430  750  896  840
 305    -0.857    14.290    10.486  123  166  256  303
 306   -17.233     8.519    13.961  509  349  378  625
 307   -13.358   -12.196    -9.150 1084 1119 1465 1534
 308    -0.845     6.245     6.778  417  534  658  702
 309     4.242    13.127     3.583   91  203  395  388
 310   -11.434     7.950    -3.214  355  261  613  781
 311   -16.332     5.130    -9.247  463  313  757  973
 312   -23.394    -2.879     0.361  882  731  989 1222
 313    24.546    -2.502     4.555  533 1117 1168  972
 314   -16.730     3.466     8.182  641  550  681  902
 315    18.070     3.659     3.007  335  784  893  743
 316    13.015    10.843     2.790  106  376  554  448
 317    22.728     5.024     3.242  237  751  863  648
 318   -14.251   -12.914    10.300 1292 1314 1363 1457
 319    -9.155    -4.411     1.898  842  913 1109 1209
 320    -4.665    14.820    15.445  150  152  165  263
 321    21.468    -7.902     7.256  777 1354 1342 1174
 322     0.538    -1.008     1.134  623  826 1023 1048
 323   -24.536     5.285     0.243  567  335  626  928
 324   -23.347     5.912     4.935  572  356  544  862
 325     1.684    -8.797     2.033  923 1181 1337 1318
 326   -10.332     6.161    -0.650  437  390  673  837
 327    -9.418     1.416     0.954  600  642  875 1009
 328    16.590     1.386     3.641  456  873  976  857
 329   -17.680    -1.527   -10.720  687  608 1057 1226
 330   -19.736     2.283     3.006  668  541  754 1007
 331    -7.320    15.448     2.507   76   12  245  374
 332    -6.410    10.538    17.845  366  371  311  430
 333    -4.943    -0.586    13.797  748  893  878  965
 334     4.860    -0.489    19.256  715 1012  876  865
 335    -7.906    17.013    14.132   95   32   74  197
 336   -12.536     7.215     5.205  461  372  547  738
 337    16.284     4.045    -3.617  283  682  925  810
 338   -21.949    -9.218    10.274 1205 1105 1186 1360
 339    26.321    -1.365    -0.292  459 1040 1163  957
 340    -5.623    11.965     2.208  180  170  406  515
 341     3.619    11.469   -15.076   43  103  652  647
 342   -25.036    -6.483    -1.531 1015  855 1146 1354
 343     1.748    16.603     8.423   35   59  198  209
 344   -22.234    12.738     1.273  256   24  273  583
 345   -19.120    -1.748   -13.544  691  570 1078 1251
 346    -6.604     8.016    -3.323  293  294  641  749
 347   -10.274   -12.190    10.755 1233 1320 1356 1411
 348     7.632     6.946    17.001  393  676  578  517
 349   -19.478    11.213     0.974  301   92  368  636
 350   -24.008    -2.482    -1.769  857  691  985 1229
 351    16.420    13.621     5.991   33  291  426  281
 352    -1.124     5.216     9.379  477  610  672  724
 353   -10.414   -12.937     4.595 1198 1289 1414 1474
 354   -20.470     7.250     4.103  512  296  511  804
 355   -11.335    -6.038     1.626  914  970 1174 1272
 356   -20.600     9.119     5.496  446  223  412  694
 357   -11.312   -10.803    -1.847 1074 1137 1374 1444
 358    -6.840    16.954    15.801  100   43   64  174
 359    -0.368     5.066     9.550  480  617  689  732
 360     5.607    -4.770    -1.716  712 1017 1211 1190
 361    -6.035     3.232     0.620  525  567  808  922
 362     9.752    10.442     8.212  171  423  510  428
 363    10.709    15.418     4.374    6  144  331  243
 364   -14.500     9.274    -0.593  327  207  501  717
 365     9.823    12.001     2.843   90  290  496  412
 366    12.801     7.541     3.168  217  544  712  589
 367    13.184    13.434     1.643   34  235  465  349
 368    -3.724   -13.487    -4.421 1095 1277 1517 1524
 369   -17.106     9.270   -11.266  270   90  597  831
 370   -10.054   -13.667     9.551 1276 1365 1409 1468
 371     6.023     5.030    -0.636  354  566  805  793
 372   -17.211     9.818     2.389  362  188  440  675
 373    -9.765    -1.375     0.139  710  767 1000 1114
 374    -8.602    -3.111    -1.555  757  828 1086 1188
 375   -20.556    10.615    -4.298  292   65  451  725
 376    -7.418     0.606     0.824  614  690  919 1035
 377     6.437    -2.656    -9.780  562  852 1196 1163
 378    15.462     4.483     2.076  305  701  856  735
 379    10.251    15.139     2.197    5  132  358  288
 380   -11.565    11.254     2.526  245  162  397  576
 381    18.494    11.136    -0.451   49  370  614  429
 382    -8.559   -11.391    -8.973 1010 1123 1450 1492
 383    -3.104    17.005     8.534   38   21  140  224
 384   -23.106    11.254     4.038  363   88  313  621
 385    -6.552     5.223    -2.778  428  455  747  872
 386    20.591     7.343     1.710  166  598  760  572
 387    -2.784    -9.699    -8.939  897 1087 1411 1420
 388   -25.305    11.493     3.501  365   63  294  632
 389    -2.949     8.927     0.669  262  327  582  645
 390   -19.402    10.593    -2.882  298   87  442  699
 391     0.654     8.522     3.861  279  403  588  605
 392    -9.572   -14.023     3.068 1228 1334 1471 1520
 393    -9.737   -13.715     1.733 1199 1296 1467 1517
 394   -12.765     7.891   -10.169  294  204  683  853
 395   -23.781    10.760     4.619  392  113  327  644
 396    10.818   -13.817    15.871 1144 1578 1455 1364
 397     2.075    -1.990    13.172  743 1009  961  994
 398   -22.625     2.492     9.377  740  560  679  966
 399    15.571     6.485     7.020   -1  660  725  586
 400    12.983   -13.199    11.384   -1 1530 1472 1363
 401    -4.704    -2.409    14.014  823  979  945   -1
 402     9.597   -15.272     7.106   -1 1543 1547 1464
 403    16.774   -12.861     6.047   -1 1494 1500 1373
 404   -17.829    -8.592    -3.685 1019  981 1283   -1
 405    -5.949   -13.197    11.087 1237 1394   -1 1432
 406   -14.229    -3.586     1.852  854  841   -1 1201
 407    21.647    14.370     9.083    2  330  391   -1
 408   -14.099   -11.650    11.910 1258 1274   -1 1401
 409    23.834     6.657    -9.610  107   -1  903  695
 410   -11.804    -3.123    16.385   -1  975  921 1081
 411   -21.241    -9.569     6.835 1181   -1 1223 1389
 412     2.648    -2.288    -6.328  595  839 1135   -1
 413    -6.813   -13.375     7.763 1219 1363   -1 1456
 414    -1.208   -15.993    12.720 1319 1541   -1 1501
 415     9.148   -11.641    16.403   -1 1481 1370 1302
 416    -6.399    -7.680     0.520  931   -1 1263 1316
 417   -12.778    -5.810    11.873  999 1045   -1 1208
 418     9.321    -4.634   -13.228  585  922 1313   -1
 419    -9.540    11.487    14.310   -1  270  281  444
 420    -9.229    14.974     5.553   -1   37  223  376
 421   -12.521   -13.794    12.411 1334 1380   -1 1462
 422     4.757    -8.853     9.895  961 1283   -1 1259
 423     4.404     5.074    -1.295  358   -1  802  815
 424   -22.200     7.344    -7.991  424  180  628   -1
 425     3.448   -12.387    15.275 1146 1462   -1 1348
 426     5.810    -8.290    14.070  965 1307   -1 1205
 427   -22.634    -9.352    -7.831   -1  934 1324 1465
 428     3.763     6.701     1.281  303  498   -1  706
 429    -3.731    -3.011     6.949  783  935   -1 1107
 430   -24.431    -4.197     3.147  970  804   -1 1254
 431     1.740    -6.208    11.679  895 1162   -1 1167
 432    -4.713   -10.780    -8.138  972 1131 1437   -1
 433    20.566   -11.485   -12.631  761 1303   -1 1419
 434     1.246     1.281     9.859  593   -1  852  889
 435    -8.552   -14.073    15.258 1335 1440   -1 1442
 436    -9.857    -8.764    -5.985  948 1033 1341   -1
 437    -9.075   -15.796    11.313 1370 1465   -1 1528
 438     2.039     6.175    18.817  485  683   -1  573
 439   -15.503    15.426    18.958   -1   68   43  268
 440     0.649   -13.008    10.291   -1 1429 1421 1406
 441     2.679    -6.517    10.497  891 1173   -1 1180
 442   -15.929    13.965     1.247  172    5   -1  493
 443    -8.753    10.617    12.333  328  297  348   -1
 444   -19.642    12.049    -4.554  220   22   -1  653
 445   -14.331    -0.150    -6.714  645   -1  975 1142
 446   -22.142    -3.051    -1.850  865  727 1019   -1
 447    -9.450    -8.465    12.691 1090   -1 1195 1283
 448   -19.458    -2.906     3.001  871  788  987   -1
 449    13.865   -10.473    -0.559  867 1329 1448   -1
 450   -12.762    12.806     8.612   -1  126  264  458
 451   -16.630    13.604    15.962   -1  121  135  379
 452     4.844   -15.820    12.002 1253   -1 1530 1475
 453    21.402    -7.594    13.012   -1 1390 1289 1120
 454   -11.324   -10.864     9.740 1171 1246   -1 1379
 455    -0.761   -14.377    12.785 1251 1485   -1 1441
 456    14.874    -6.503   -15.550  598 1031 1403   -1
 457   -18.793     7.082     9.896   -1  369  483  739
 458    26.707    -0.149     4.559   -1 1036 1081  860
 459    -5.943   -12.555     7.256 1168 1340   -1 1433
 460   -11.461    10.005    12.027   -1  304  363  545
 461    -4.371    -4.796   -14.463   -1  821 1270 1307
 462     0.653   -15.615    16.948   -1 1574 1476 1452
 463    -6.496    -8.271     8.646 1016 1159   -1 1291
 464     1.482    10.194    16.387   -1  458  388  414
 465    -4.457   -12.429     5.572 1130 1328   -1 1434
 466    -5.931    13.164     8.234  178  159  293   -1
 467   -19.268     9.588    10.878  460  252   -1  612
 468   -17.721    11.227    13.324   -1  214  260  518
 469    23.692    15.179    10.754   -1  321  351  116
 470    -7.227    15.781    20.251  174  124   -1  185
 471     2.564   -16.081    20.078 1360 1624 1480   -1
 472    -6.780     8.506     0.848   -1  320  573  686
 473     5.488   -14.683     7.262   -1 1491 1519 1459
 474    -0.301    -6.690    15.157  964 1204   -1 1165
 475    20.186     3.751    10.040  372   -1  838  663
 476    -2.722   -12.188    13.962 1185 1404   -1 1371
 477     5.523     5.033    13.342  465  706   -1  655
 478   -14.434   -13.068    -2.585 1177 1201   -1 1529
 479    -6.047     2.955    16.316   -1  745  687  808
 480   -15.306    -0.253    10.866  803  769   -1 1032
 481    -3.057    -1.630     0.621  667  827 1032   -1
 482     1.887    -1.179   -16.253   -1  692 1171 1175
 483    20.105     7.076    13.966  255  740   -1  470
 484    23.495    -6.117    -1.987   -1 1202 1347 1162
 485     7.839    -6.760   -11.396  685 1029 1368   -1
 486    16.219     1.919    -5.564   -1  760 1026  918
 487   -16.206    11.931    13.413   -1  189  238  475
 488    23.393     5.561     8.947   -1  790  791  565
 489    -6.169    11.457     8.172   -1  241  367  481
 490    -8.019     3.984     7.171  543  584  716   -1
 491     2.841   -17.496    13.934 1357 1630   -1 1527
 492     5.253   -14.175    14.865 1200 1538   -1 1397
 493    -5.202   -14.340     9.248 1260 1431   -1 1478
 494   -14.345    -0.815     9.629   -1  792  870 1045
 495     9.480     6.164    17.657  421  729   -1  542
 496    -3.669    12.760     5.472   -1  177  349  435
 497    17.232     5.214     4.514  284  711   -1  664
 498    14.990   -10.650    -2.948  853 1319   -1 1356
 499    -1.169    -2.854     8.271  768  971   -1 1078
 500   -13.861     6.244    10.519   -1  469  535  741
 501    -6.083    10.586    10.880   -1  310  382  495
 502   -11.485     9.437    16.818   -1  381  343  528
 503   -23.130    -3.393   -10.309   -1  659 1099 1306
 504     0.112    -8.058     7.905   -1 1196 1253 1261
 505    11.265    -6.837     4.979   -1 1205 1276 1193
 506    -7.091    -1.618     8.635  770  869  947   -1
 507    -9.515    11.073     3.479   -1  194  411  564
 508    13.856   -14.350    10.397   -1 1569 1520 1398
 509   -19.932     9.552     8.730   -1  234  365  640
 510    13.148   -14.805     5.464 1086 1536 1550   -1
 511    -4.765    -2.460     5.568  752  899   -1 1100
 512   -12.479     3.448    13.194   -1  634  661  845
 513    -4.342     0.117    19.143  756   -1  790  890
 514   -12.284   -12.794    10.323 1271 1327 1365   -1
 515    -2.787   -11.031    -0.280 1021 1217 1402   -1
 516    -8.750    11.721     8.806   -1  217  334  478
 517     9.657     7.096    13.122  336  641  620   -1
 518    11.971    -5.931     8.960  786 1207   -1 1133
 519    25.710    12.466     5.775   -1  428  527  276
 520     3.154    -8.924    14.017   -1 1311 1257 1244
 521    17.014    -1.855     3.884  548 1028 1112   -1
 522    16.097     5.068   -11.797  188   -1  946  841
 523   -21.731    -3.679     6.746  954  835  974   -1
 524   -10.976     9.905     8.878   -1  286  398  575
 525   -17.388     8.978    19.227   -1  378  300  554
 526   -10.536    -5.708   -13.668  781  819 1275   -1
 527    18.565    -5.152    16.677   -1 1299 1151 1017
 528     8.751   -11.857     8.009   -1 1424 1426 1353
 529    22.229    -4.273    -1.031  565 1122 1267   -1
 530     8.987    -3.211    10.466   -1 1074 1077 1034
 531    -5.903    -4.187    -0.142  794  911 1119   -1
 532    -6.045   -15.115    16.939 1367 1518   -1 1458
 533    -2.400   -15.814     9.126 1295 1499   -1 1519
 534    18.790    -1.593    19.944   -1 1177  978  829
 535    -9.079     9.317    11.484   -1  357  417  563
 536    -9.761    -4.125     2.354  837  901 1095   -1
 537   -12.277     5.800     8.131  529  480   -1  775
 538   -12.303    -1.868    12.524   -1  878  898 1055
 539   -18.072     4.339     1.815   -1  451  693  926
 540   -16.005   -14.294    12.069 1377 1370   -1 1496
 541     7.300    -0.308     8.294   -1  916  964  934
 542    -6.246   -10.839     4.495   -1 1232 1359 1392
 543    -0.306   -12.918     8.819 1143 1406   -1 1414
 544    12.026    -8.365     0.428  815 1227 1362   -1
 545    -2.728   -15.078    18.016 1347 1542   -1 1440
 546   -14.541     0.303    16.366   -1  798  752  961
 547     2.734   -16.941    14.415   -1 1612 1542 1510
 548     6.758    -2.265   -15.121   -1  794 1219 1185
 549   -24.977   -10.954     0.870 1229 1061 1317   -1
 550   -12.596     2.165   -11.612  520  471   -1 1084
 551   -11.588     0.190    12.239   -1  791  813  979
 552   -18.040     2.194    10.786   -1  629  709  940
 553   -10.508     5.322    -8.725  409  350  776   -1
 554    -1.080     9.327    -5.443  192   -1  629  679
 555    24.785    17.431     8.420   -1  190  280   44
 556    21.573     8.452    16.668   -1  702  592  367
 557     8.139    -5.730    11.603  827 1197   -1 1116
 558   -14.982     6.226   -12.182  379  242   -1  951
 559   -21.546     3.791   -12.692   -1  301  825 1069
 560    22.058    -0.843    -7.289  420  906   -1 1016
 561   -20.844     8.760   -11.367  308   89  602   -1
 562   -10.839    -7.813    11.439 1058 1138   -1 1270
 563   -24.673     3.624     4.966  669  460  656   -1
 564   -22.088    -9.549   -11.658   -1  917 1358 1495
 565    -9.699    10.951    20.031   -1  347  258  411
 566    -5.936    -2.343    13.558   -1  958  944 1041
 567    -4.958    -4.075    19.990   -1 1093  969 1049
 568    26.513    -1.803     3.331   -1 1085 1155  941
 569   -13.160     2.139    18.538  745   -1  665  855
 570   -11.758    -2.925     6.561  843  875   -1 1140
 571    -6.182    -0.887    14.490   -1  898  879  978
 572    21.504    15.862    11.112   -1  267  306  103
 573    10.426    -6.600    -4.565  721 1098 1327   -1
 574    -7.330    -9.945    14.067   -1 1271 1251 1313
 575    -4.125     2.523    17.989  654   -1  702  796
 576    15.223     4.166     7.823  381   -1  816  691
 577   -10.758   -13.011    -7.251 1109 1179 1488   -1
 578   -11.577    -2.188     3.850  790   -1  981 1135
 579    20.449    -7.540    18.027   -1 1434 1246 1090
 580     3.063    -7.272    14.334   -1 1247 1192 1181
 581    -8.311   -16.129    14.106   -1 1511 1479 1522
 582   -21.551     5.155     7.890  601   -1  569  863
 583     3.323    11.364    14.776  216  386   -1  373
 584     2.816    14.736    -5.099   18   -1  399  415
 585    -6.213    -7.510    16.057 1049 1200   -1 1213
 586   -16.115     1.624    17.782  788   -1  676  896
 587    -7.677    -2.018    15.023  840  940   -1 1031
 588   -19.907    -3.763    -4.369  855  754   -1 1268
 589    -1.235    -2.018    15.039  785 1002  936   -1
 590    -2.341     7.135    -9.838  252   -1  750  830
 591     5.316    -9.088     6.362   -1 1264 1332 1287
 592    -2.003    -2.282   -17.001  554  699 1200   -1
 593     0.669    -8.009     8.595  953   -1 1248 1253
 594     4.010    -0.213   -19.469  439  627 1166   -1
 595     9.435   -12.216    11.837 1064 1466   -1 1343
 596   -16.816    -0.413   -19.462  577  485 1075   -1
 597    17.714   -12.049    -0.712   -1 1418 1514 1375
 598   -12.344    -9.652   -17.287   -1  939 1429 1500
 599     1.409   -10.734    10.241   -1 1343 1352 1333
 600   -13.872    -9.496    13.198 1167   -1 1207 1329
 601     4.112    18.970    15.020   -1   29   52   42
 602    10.861    19.262    10.277   -1   25  116   35
 603   -18.598    -5.760    17.134 1096 1046  993   -1
 604   -14.558    -3.232    16.836  963  962   -1 1092
 605    -6.606   -10.183    -5.047  985 1118 1389   -1
 606     3.209    -7.814     2.777  877 1156 1301   -1
 607    14.656     2.332    -7.548  330  714 1018   -1
 608     6.154    -1.284     7.397   -1  941 1011  992
 609     1.284    -5.252     8.897   -1 1089 1134 1153
 610   -17.721    -4.237    -0.228   -1  823 1079 1252
 611   -14.866    -6.270    -5.054  899   -1 1206 1337
 612     0.646    -2.992     1.648   -1  921 1102 1122
 613    13.220    14.135    14.395   67   -1  303  193
 614     4.811    -3.108    15.858  787 1091   -1 1003
 615    20.451     3.559    -2.171  280  746   -1  800
 616    12.150    -7.495     6.640   -1 1255 1293 1202
 617   -19.751   -11.857    13.051 1324 1256 1280   -1
 618     7.310   -16.730    13.446 1279 1627 1552   -1
 619    20.322     7.349    -5.931  130  526   -1  646
 620    -5.736     1.684     5.941  599  703   -1  935
 621    14.305     2.244    -5.667   -1  734 1009  915
 622    -6.673     7.759    18.634  492  523  429   -1
 623     9.871     2.323    18.678  551  919  773   -1
 624    19.221    -1.149    15.964  594 1124   -1  847
 625    -4.597    -8.199    -2.195   -1 1067 1318 1345
 626    17.677     4.880    -3.946  232  643   -1  759
 627   -21.218     2.616     0.520  647  494   -1 1024
 628   -15.579    -8.681    16.574   -1 1180 1138 1295
 629   -22.648    10.537     3.771  385  118  353   -1
 630    -5.859     2.848    18.813  656  779   -1  773
 631   -13.782    -6.387   -15.789  818   -1 1305 1390
 632   -25.744    -6.915     2.779 1085  905 1123   -1
 633   -18.277     5.705    16.902  632   -1  478  737
 634    13.572     2.799   -15.265  267  600 1056   -1
 635   -14.562    10.754   -12.182   -1   47  539  754
 636    11.253    17.059     7.439   -1   91  233  145
 637    -1.391    -0.394   -17.819  495   -1 1131 1168
 638   -17.652   -13.291    14.831 1378 1347   -1 1451
 639    -7.046   -10.660    15.481 1173 1325   -1 1330
 640     8.178   -16.958    11.706 1263 1629   -1 1507
 641    -9.858     6.661    10.104  496   -1  537  707
 642   -12.500    -0.014    -8.558  607  588   -1 1143
 643     4.983    10.625     1.004   -1  302  534  529
 644   -10.975   -14.761     9.368 1328 1403 1453   -1
 645    -8.711     9.949    16.602  394  377  341   -1
 646   -22.135    -7.889     2.454 1094   -1 1189 1368
 647   -16.755     8.892    12.909   -1  331  372  609
 648     4.029    -7.485    11.203  921 1233 1214   -1
 649    12.401    -3.710     5.133   -1 1073 1157 1074
 650    11.924     1.503    14.541   -1  929  865  772
 651     1.373    -8.853     6.990  966 1231   -1 1290
 652     1.804     8.946    13.355  316  482  485   -1
 653    22.256    14.196    12.566   20   -1  373  150
 654    10.114     1.125    -7.657  426  733   -1  996
 655   -11.309   -13.557     1.579 1210 1281 1452   -1
 656    -7.450    -9.582     6.897   -1 1193 1291 1346
 657     6.579    10.690    12.661  203   -1  441  395
 658    -6.061    10.300    12.935  318  343  377   -1
 659    13.080    11.244    19.557   -1  521  384  270
 660     2.712     9.183    -8.484   -1  272  688  687
 661    -3.799    10.176     8.337   -1  328  449  530
 662   -18.992     6.777     4.751   -1  339  536  814
 663     8.858   -14.221     8.233 1114 1512   -1 1431
 664    -4.132     8.988     9.103  334  394   -1  577
 665   -17.814    -6.254    15.199   -1 1049 1045 1224
 666     9.575   -13.609     3.128   -1 1443 1522 1435
 667    12.350    -8.255    15.320  916   -1 1259 1172
 668   -15.788     9.945     8.961  396  246  371   -1
 669    -9.623    10.067    14.358  386  342   -1  504
 670   -22.832   -14.297     4.635 1375 1253 1413   -1
 671   -17.191    -0.516    -1.113   -1  654  930 1129
 672    19.736    -5.015    -4.930  582 1097 1314   -1
 673     4.999     9.945    -3.421  142   -1  615  595
 674   -11.171    -5.677    19.220   -1 1112 1016 1147
 675     7.237    10.868    -7.032   -1  236  623  579
 676     7.191    -6.386    19.914  926 1293   -1 1091
 677    -6.605    -2.387    -0.448  722  825 1060   -1
 678    11.920    -2.379   -15.140  494  829 1239   -1
 679    14.380   -11.847    16.997   -1 1534 1391 1274
 680   -20.506   -11.563    -4.570 1155 1069 1380   -1
 681    -0.690     2.382   -17.445   -1  488 1022 1072
 682   -18.202     9.569    15.721  486  307  307   -1
 683   -16.735    -9.969     1.511   -1 1086 1310 1418
 684    -2.685    -8.254     5.002  957 1153 1271   -1
 685   -12.612    12.067    -5.960   -1   50  456  616
 686    22.316     7.632    -7.750   -1  514  835  638
 687   -14.986     5.910     3.779   -1  409  622  832
 688    -2.914    12.048    11.705  214  268  330   -1
 689    12.739    16.759    13.630   -1  179  202   95
 690   -19.044    -0.208     3.356  774  670   -1 1095
 691   -20.449     0.212   -11.053   -1  504  965 1182
 692    -8.172    -5.559    11.879   -1 1058 1085 1183
 693    19.306    16.100    13.250   -1  255  265   82
 694   -24.018    -2.683     6.477  930  770  927   -1
 695    -0.683   -13.569     7.220 1161 1414   -1 1443
 696   -25.728     0.704    -0.876   -1  533  829 1113
 697    10.363     2.824   -13.966  300  583 1027   -1
 698     3.677     8.289    -2.436  212  374   -1  673
 699    13.330   -10.093    19.297 1005 1483 1315   -1
 700    11.366    -2.807   -18.965  482   -1 1286 1214
 701    21.308    -2.627    -7.692  483  982 1244   -1
 702     4.111    -0.681     2.639   -1  856 1014 1018
 703   -10.157     1.580    13.027   -1  744  749  905
 704    -1.353    -5.521    -2.582  791  980 1217   -1
 705   -12.172    -0.700     6.144   -1  772  899 1060
 706    -1.882     3.106    12.738   -1  735  730  811
 707    24.215     5.232     9.940   -1  813  801  566
 708     7.943     7.639     2.420   -1  500  684  620
 709    18.286     6.162     5.091  243   -1  765  600
 710     6.112   -13.635    -2.742 1027 1373 1537   -1
 711   -10.643    -5.223   -13.090  758   -1 1249 1334
 712   -14.802    -4.977    19.062 1046 1050  958   -1
 713    18.937    16.256     8.116   -1  201  304  126
 714   -20.230   -10.225     1.417 1151 1068   -1 1437
 715   -16.548    15.397    18.648  235   -1   40  279
 716   -12.815     4.933     1.580  517   -1  699  878
 717   -19.585     7.735     0.243   -1  247  529  818
 718    20.044    -9.357   -15.317  664   -1 1523 1370
 719     7.342    15.760    17.950   69   -1  168  124
 720    -8.727    -1.256   -13.620  587  632 1108   -1
 721     1.455    -2.431   -17.192   -1  741 1215 1223
 722   -22.695    -7.695    -2.320   -1  915 1209 1387
 723   -12.793     9.735    18.976   -1  373  295  498
 724    19.006   -12.122    14.295  998 1558   -1 1293
 725   -18.898    -2.099   -13.544  708  592   -1 1265
 726    16.930    17.696    15.898   -1  187  166   11
 727     3.916    -7.301    19.368   -1 1298 1158 1144
 728    -6.091   -14.469    15.059 1320   -1 1418 1449
 729   -25.843    -4.888     0.856   -1  806 1058 1300
 730   -13.004   -11.399    17.048 1280 1324 1266   -1
 731    20.460    12.893   -10.950   -1  200  642  449
 732    22.499    16.942    14.246   -1  251  243   22
 733     4.454    -2.743     5.775  696  984   -1 1061
 734    18.662    15.275    -0.606   -1  167  424  261
 735   -13.837   -12.143    11.666 1270 1292   -1 1424
 736   -20.440    13.833     2.777  210   -1  232  516
 737     8.357    17.686     9.901   -1   64  179  114
 738     6.858    -2.033     4.640  642  959 1064   -1
 739     6.465   -13.903     1.945   -1 1432 1528 1460
 740   -19.210    -8.532     8.817 1137   -1 1179 1341
 741   -24.719   -10.586    -2.798 1165 1032 1331   -1
 742   -18.178     9.028     2.411   -1  220  474  713
 743    -8.741     4.943    -3.077   -1  446  755  894
 744     1.075    12.768     7.774   -1  230  357  384
 745    -8.658    16.885     6.355   64   -1  136  286
 746     9.741    -3.523    10.324  719   -1 1097 1039
 747    22.236    10.634     1.548   56  462   -1  408
 748     4.970     0.979   -12.445  435  645   -1 1051
 749     1.246   -10.368     4.720 1002 1272   -1 1350
 750    17.561    10.024     0.322   -1  430  644  485
 751   -19.739     2.399    14.232   -1  636  654  916
 752    14.392     4.647    -1.463  285  655   -1  767
 753    12.918    -9.731     4.332  881 1339   -1 1297
 754    -1.390    10.072    10.325  275   -1  447  497
 755    10.408    -1.784    11.989  655   -1 1015  955
 756     4.054     5.434     0.276   -1  547  767  776
 757   -20.010     9.326     8.096  453  237   -1  661
 758    23.202     7.358     1.747  148  622  766   -1
 759    23.484     9.848    -2.525   -1  468  715  480
 760    16.681    10.922    18.294  176   -1  428  277
 761    -7.291   -14.129    -8.847 1106 1237 1546   -1
 762   -15.988    -8.576    17.196 1183   -1 1118 1285
 763    -8.913    -0.986     0.936  697  761   -1 1096
 764    18.010    -6.658   -10.309  618 1102 1383   -1
 765     1.283    -5.810     9.532   -1 1127 1150 1170
 766     7.657    -3.484    10.521  742 1078 1076   -1
 767     1.948    -1.803    16.945  763   -1  929  959
 768    10.163    10.220     8.249   -1  443  519  441
 769    -4.329     8.052    -8.733   -1  260  706  790
 770    -7.657   -15.404     4.704 1290 1410 1511   -1
 771     0.629    -5.260   -12.891  672  890 1299   -1
 772    23.898   -10.093     6.726   -1 1444 1420 1250
 773     1.289     0.593     3.499   -1  793  934  971
 774    13.656   -15.980    19.039 1244   -1 1525 1404
 775   -22.478   -14.020    -7.366 1257 1139 1486   -1
 776    -5.613     2.491    19.700  674  796  682   -1
 777   -14.944    -0.066     7.403   -1  725  849 1042
 778   -25.559     2.347     0.057  688   -1  745 1046
 779     8.295    11.855    -5.815   -1  211  574  521
 780   -21.119     5.415     1.540   -1  364  625  900
 781     6.649    -1.542     6.081   -1  950 1031 1013
 782   -18.602     8.694     0.288  402   -1  499  758
 783    -1.169     4.097     1.346   -1  571  794  856
 784     3.898     4.663     2.569   -1  604  786  794
 785    -7.782   -10.453     0.131   -1 1161 1366 1410
 786   -21.885   -14.187     5.166 1369 1259 1410   -1
 787   -20.219    -2.257    -2.710  816  693 1005   -1
 788   -23.231    13.578     5.764   -1   10  203  520
 789    -2.793   -12.179     4.195   -1 1310 1416 1429
 790     0.961     6.414    13.783  449  607  590   -1
 791    -7.619     6.568     6.782   -1  466  604  727
 792    15.705    -6.354    -0.936  694 1157   -1 1196
 793    23.799    -1.735     0.982  499 1043   -1  977
 794    -3.385    -0.181     1.382  620  773   -1 1037
 795    -2.286    13.342     3.521  124  129  350   -1
 796     9.408    -4.446     2.997  707   -1 1187 1132
 797   -18.316     2.753   -14.551   -1  365  897 1108
 798   -18.581   -16.319    -2.912 1350 1301 1549   -1
 799    19.576     4.591    -1.787  248  695  900   -1
 800   -12.570   -11.753    13.628 1262 1304 1311   -1
 801   -24.000   -12.132     7.275 1327   -1 1319 1481
 802    -7.158     9.786    -7.945  195  172  598   -1
 803    13.532     4.187    20.017  481  884  710   -1
 804    -6.955    -2.684    20.035   -1 1030  895 1014
 805    20.530    17.348    10.179   -1  181  250   54
 806    -4.340     5.614    -6.843  360  411  777   -1
 807   -23.303    -7.603    -8.238  993  862   -1 1417
 808     0.194    -9.881    -4.069  927 1158 1399   -1
 809     9.885   -15.610     5.651 1132 1546   -1 1487
 810     8.811    12.741    -9.596   22  128  564   -1
 811   -20.798    -7.107     4.792 1066  974   -1 1325
 812     2.746    14.935     3.339   -1   93  312  326
 813    14.246     4.488    -8.839   -1  575  941  849
 814   -19.424    -8.446    -4.676 1023  953   -1 1415
 815     3.264    -3.707    13.200  804   -1 1049 1053
 816     4.279     4.670     6.414   -1  644  746  750
 817     5.464    -8.084    19.714 1000 1351   -1 1158
 818    -3.813   -13.771     6.348 1192 1386 1459   -1
 819     1.920     4.317    12.836  515  705   -1  722
 820     8.434    -3.351    -3.091  621   -1 1185 1134
 821    23.215    -0.823     1.812  474   -1 1107  931
 822     2.916    11.880     2.105  129  240  469   -1
 823   -15.574    12.686     5.664   -1   86  275  511
 824    20.623    12.822    11.402   -1  424  446  226
 825   -20.933    -6.101   -13.678  876  766 1238   -1
 826     0.005    10.645     5.487   -1  300  476  513
 827    -7.351     3.905    -4.369   -1  487  823  942
 828   -13.468    -9.258   -14.062   -1  951 1387 1471
 829   -14.899    10.432    -9.351  213   -1  533  740
 830     3.612    -5.815     2.792  801 1075   -1 1200
 831    -1.221     4.120   -13.681  345  444   -1  976
 832    -2.623    15.792     2.687   -1   28  255  328
 833   -13.872     8.390    -5.471  319   -1  603  799
 834    -9.504    -4.925   -15.111  731  789 1255   -1
 835    -0.235    -3.134     2.774  730  930   -1 1121
 836     4.102     0.202    19.795  686   -1  827  839
 837   -23.101     3.449    -4.611  588  380   -1 1038
 838     1.387    -9.257     5.578  968 1234 1328   -1
 839    10.801    -1.589     6.517   -1  986 1053  989
 840   -16.864     7.370   -11.972  347  185   -1  908
 841    23.891   -13.564     3.943   -1 1556 1551 1376
 842     3.738     6.724    14.135   -1  616  589  585
 843    11.392     5.512    -0.213   -1  596  809  736
 844   -22.646   -10.128    -5.896   -1  993 1343 1484
 845    16.602    -4.152     8.902  673 1160   -1 1043
 846    -5.007    15.256    11.762   -1   96  187  283
 847    23.825    -9.837   -10.168  692 1282   -1 1342
 848   -26.217    -8.270     0.064 1115  936   -1 1399
 849    17.205   -14.635    17.055 1128   -1 1498 1358
 850   -15.712   -16.074    15.162   -1 1459 1443 1535
 851    -2.237     7.171     9.400  412   -1  572  642
 852   -13.044    15.856    20.023   -1   74   25  218
 853   -13.601    13.772    12.453  227  108   -1  387
 854     3.323    -0.811     4.318  613  877   -1 1012
 855   -11.287    -3.431    -0.158  810  837 1071   -1
 856    -7.141     3.654    -8.495  457  467   -1  983
 857     3.603     9.667    18.148  312   -1  409  403
 858   -24.107   -13.552     4.736 1362 1213 1381   -1
 859     1.458   -11.368   -10.354  920 1169   -1 1467
 860   -13.743     7.410   -15.419   -1  174  733  919
 861    17.486    -4.552   -18.169  514  932   -1 1241
 862    18.848    12.590     1.391   29  325   -1  353
 863   -15.470   -14.131     8.070 1332   -1 1415 1515
 864    26.389     1.214    -4.681  304   -1 1094  882
 865     1.304   -12.324   -13.521  932 1192   -1 1518
 866   -25.555   -14.117     0.174 1355 1186 1432   -1
 867    -6.307     6.761    15.611  504   -1  508  622
 868    -9.124   -14.691    -8.319 1147 1250 1553   -1
 869    19.686     8.951     5.369  143  548   -1  469
 870    19.711     4.411   -17.128  154  551   -1  885
 871    -4.853     9.631     7.076  299   -1  480  562
 872   -18.210    10.276    -1.356  306   -1  448  701
 873     7.924    16.566     1.340   -1   42  288  245
 874   -16.091     1.769   -19.599  507  385  998   -1
 875    22.938    18.639     1.752   -1   61  277   68
 876   -18.878     6.060     8.100  555  410  532   -1
 877     8.258   -13.654    -7.827  976 1348   -1 1509
 878     2.585     9.352     5.082  228  392  538   -1
 879    -4.057    11.949    13.386   -1  281  308  399
 880    13.274    13.182    -4.006   -1  199  516  407
 881     9.590    15.503    16.922   -1  244  206  129
 882    20.816    -3.856   -12.344  500   -1 1323 1166
 883   -21.377   -10.836    12.865 1297 1203 1228   -1
 884   -19.009    14.096    -3.109  149   -1  284  548
 885    -0.210   -13.435    -3.492 1070 1316 1515   -1
 886    13.530   -16.213     8.283 1148 1614   -1 1479
 887    17.004    -7.662    17.125   -1 1400 1241 1110
 888    11.998     0.193    -5.947   -1  801 1082 1010
 889    -0.008    -9.699    13.732 1059 1326 1274   -1
 890   -21.881     2.593    -4.368  610  439  804   -1
 891    19.930     6.953    -5.979   -1  546  840  668
 892    22.358    -1.697   -11.941  416   -1 1237 1077
 893    -3.896     2.846     1.620  527  625  833   -1
 894   -23.408     9.591     2.162  425  148  404   -1
 895    13.541     4.607     7.132  367  736  799   -1
 896    13.018   -10.623   -10.305  808 1228   -1 1409
 897    -2.059    -7.860    -8.675  832 1024 1357   -1
 898    11.876    18.033    13.280   -1  100  144   50
 899   -12.996   -10.663   -14.770  977   -1 1441 1523
 900    10.033   -13.537    -0.453 1008 1421 1536   -1
 901    16.846    19.754     5.436   -1    4  181   28
 902   -20.015    -9.639   -12.714   -1  923 1371 1502
 903   -12.516    11.577     2.285  231  134  386   -1
 904    16.090    16.365    -8.142   -1   38  439  297
 905    14.370    13.766     4.054   -1  249  427  299
 906    -3.906   -12.268    -6.472   -1 1211 1485 1493
 907    17.129    10.150     2.071   98  445   -1  461
 908    15.201    12.431   -20.124   -1  102  718  580
 909     3.266    13.600   -15.055   -1   18  540  557
 910    16.659    16.218    19.767   27  292  195   -1
 911    -9.823    -3.249    17.815   -1 1007  926 1058
 912    12.142    -4.886    -0.035   -1 1076 1235 1150
 913    15.502    -3.810    19.080  747 1241   -1  960
 914     5.529     6.955    16.575  404  648  561   -1
 915    16.685   -10.973    -9.884  797 1278 1531   -1
 916    -6.174    -2.596    12.218  829   -1  954 1059
 917    -2.396     2.090     6.843  570  719   -1  903
 918     2.810     1.671    13.244  586  846   -1  834
 919    11.649     8.845    -0.768  156  427  680   -1
 920   -20.500     6.522    15.224   -1  450  438  730
 921    -9.464    15.182     8.346   -1   49  192  338
 922    -1.807     0.978   -17.150  454   -1 1072 1115
 923   -20.219    10.949     3.295  348  110  356   -1
 924    -6.706     1.870     2.689  581  664   -1  964
 925    13.963    16.152   -11.129   -1    7  467  355
 926   -16.956    13.226    15.410  302  139   -1  398
 927    -1.863     1.294     7.798   -1  776  861  920
 928    14.758     1.119    15.786  545  989   -1  761
 929   -16.006     2.922   -15.980   -1  363  916 1104
 930   -21.421    -7.695    -2.515 1024   -1 1218 1385
 931   -21.014    15.207    13.769  238   11   -1  360
 932    24.039    17.555     3.340   -1  130  323   87
 933     0.918   -14.966    19.141 1313 1572   -1 1422
 934   -17.992    -9.140   -17.006  943  883 1390   -1
 935    19.077   -15.090     8.236 1061 1608   -1 1426
 936    19.577    12.235     6.794   -1  401  500  307
 937   -14.121    17.768     9.602   84   -1   45  240
 938   -12.541   -13.413     9.116 1285 1341   -1 1476
 939    -3.187    10.144     6.916   -1  317  468  543
 940    -8.772     3.466    16.559   -1  694  640  802
 941    -0.474    -7.061    15.253  975   -1 1156 1187
 942   -22.990     7.070     8.251   -1  323  471  789
 943    10.628     3.765     2.270  388  704  860   -1
 944     0.243    10.751    -4.530  141  212  553   -1
 945    -5.880     6.128    19.527  537   -1  505  604
 946   -20.995   -10.280     6.957 1221 1120 1252   -1
 947   -15.725    12.802   -10.373  139   -1  434  652
 948    14.950    -8.177    -7.390  729 1166 1405   -1
 949    -5.773    11.239    12.745  277   -1  337  450
 950    -7.452    11.915    -1.324  165  119  445   -1
 951    -6.323   -11.133     2.535 1083 1226   -1 1412
 952   -15.139    17.234    19.193  160    8   -1  179
 953   -12.486    -5.927    18.879 1071 1109   -1 1159
 954     6.462    12.488     4.485  104   -1  436  396
 955    26.613    10.018    -6.154   25   -1  744  488
 956     0.785     7.203   -15.127  190   -1  814  854
 957    -5.487    14.578    -2.652   68   17   -1  443
 958   -10.028     5.331    -9.973  395   -1  793  938
 959    13.542     1.808    -2.855  405  775   -1  910
 960   -11.895   -14.842     9.204 1340 1397 1457   -1
 961   -22.059    -5.891    -7.575  919  800   -1 1357
 962    25.865    -0.810    -2.106  423  994   -1  952
 963     1.041    14.764     7.191   77  122   -1  306
 964    19.934     9.091   -19.354   -1  299  871  696
 965    18.406     6.362     7.787  251   -1  736  571
 966    -0.866     9.009   -11.906   -1  221  707  755
 967     6.855     2.481    -5.928  411   -1  955  946
 968    11.963     5.487    -2.657   -1  574  832  751
 969   -15.734     5.910   -19.203  342  192  820   -1
 970    20.056    10.442   -13.394   -1  288  759  581
 971    23.290     5.382    -8.160  157   -1  932  746
 972     8.310   -11.090     3.025  962   -1 1424 1361
 973    23.176     0.063    -9.685  351  858   -1  991
 974    -8.000    10.002     9.652  323  312   -1  550
 975     3.837   -15.424    14.522 1266 1570 1497   -1
 976    21.765    16.990   -11.786   -1   27  481  273
 977   -15.786    13.511   -11.903  105   -1  422  630
 978    -2.403     7.504     7.189  380  463  587   -1
 979     0.487    11.817    18.546   -1  379  287  329
 980   -18.147   -15.400     3.370 1368 1331 1481   -1
 981     0.359    -2.383     2.410   -1  900 1068 1097
 982    10.881    -3.049    15.147   -1 1136 1043  980
 983   -17.033   -11.710    18.632 1346 1317   -1 1382
 984   -23.941    11.430     4.098   -1   69  299  619
 985    16.591     8.395    -3.419  135   -1  735  591
 986    17.872    16.172     6.122   -1  183  315  160
 987    23.546    10.087    11.940   -1  591  560  330
 988    18.501    15.935    15.883    8   -1  247   66
 989     4.913     9.804    -0.728  163   -1  601  574
 990     6.342    11.973    -9.943   -1  142  595  560
 991    -7.051   -11.480     7.443 1131 1276 1364   -1
 992    10.546    -6.599    -8.163  683 1063 1353   -1
 993    18.698    12.889   -16.343   -1  146  674  514
 994    -6.141   -11.874     4.729 1118   -1 1392 1428
 995    -4.083    16.980     5.810   36   -1  171  258
 996    20.200     4.458    -8.519  199   -1  968  817
 997     0.340     9.741     9.316   -1  389  477  523
 998   -11.777     3.903     1.815   -1  518  737  907
 999     9.911    -6.213     2.928  762 1149 1258   -1
1000    -1.372   -10.036    15.944 1107 1346   -1 1284
1001    19.399    -3.467     7.250  612 1141 1167   -1
1002    15.024    14.719    -0.844   -1  156  437  305
1003     5.703    11.934     7.873  140  309  419   -1
1004   -17.264    15.308    17.158   -1   57   55  294
1005    19.586    12.774    17.679   -1  484  370  172
1006    -0.307    15.642     9.473   -1   83  212  264
1007   -14.900     8.044     5.950  448  322  497   -1
1008    15.215     0.888     6.675  503  909   -1  866
1009    15.989     3.356    17.120  476   -1  775  627
1010     5.426    -2.745    11.762  739   -1 1030 1022
1011    18.281    12.146    16.288  109  497  402   -1
1012    15.214   -13.859    12.863 1089   -1 1494 1369
1013   -20.632   -12.008    -5.637 1162 1081 1404   -1
1014   -12.291     8.978     2.605   -1  269  498  684
1015    11.565   -16.146     5.772 1141 1580   -1 1498
1016    -6.746     6.531    -6.484   -1  341  729  850
1017    20.835     7.692   -18.332   51   -1  918  744
1018   -19.619    -5.836   -19.276  812  715 1287   -1
1019    -2.918   -16.045    10.828 1316 1520 1521   -1
1020     6.341     5.542    -9.321  246  479  867   -1
1021    -7.645    15.530     2.527   79    3   -1  371
1022    15.364     7.678    -1.912  161  512   -1  615
1023   -10.113     3.648   -15.791   -1  366  910 1047
1024    -8.880    16.859    17.122   -1   41   42  177
1025   -14.394   -13.188     6.547 1268   -1 1393 1489
1026     0.786    -0.674     3.584  626  842   -1 1025
1027     4.067    -5.851   -15.954  649  914   -1 1319
1028   -21.317    13.306    -8.471  159   -1  362  639
1029    17.639    -2.608    18.778  682 1199   -1  895
1030   -19.336     0.087   -12.046   -1  511  980 1192
1031    20.638     2.568     8.437   -1  896  912  731
1032    -6.543   -11.315    -9.066  997 1126   -1 1483
1033   -22.846    -4.731   -10.245  868  720 1145   -1
1034    11.062    -3.968     0.945  653   -1 1190 1123
1035   -20.740    14.003     6.327   -1   19  199  472
1036    26.067     7.944     0.296   -1  609  771  531
1037   -12.492    -1.247     1.025  736   -1  966 1119
1038     6.842    -0.249   -14.670  451  697   -1 1112
1039    10.189     5.630     2.227  307   -1  768  710
1040    15.387    -6.770    20.025   -1 1378 1181 1066
1041     9.119    18.509    16.696   -1   80   82   18
1042    16.192   -10.853     2.333  883 1383 1449   -1
1043    15.347    11.537    -6.912   -1  266  639  491
1044    -3.458   -10.486    -6.462  960   -1 1417 1436
1045    22.835    13.024    -6.754   -1  257  608  383
1046   -12.160    17.828    13.403   93   -1   19  199
1047     0.728     5.775    -2.329  343  486  763   -1
1048    -7.472    -2.448   -14.856  616  688   -1 1245
1049   -20.515     7.153    14.551  575  397   -1  704
1050     5.647    13.777     7.078   -1  210  347  324
1051     5.187     6.913    -1.617  260  475   -1  714
1052    11.955    -0.527     4.469  547  925 1024   -1
1053    -6.372    -7.200    16.013 1039   -1 1120 1203
1054    -3.342    11.423    17.858  291   -1  285  382
1055    17.086     9.025    18.755  229  669  512   -1
1056   -19.525     8.011    -4.062   -1  195  580  833
1057   -24.989     7.435    -1.146   -1  208  530  859
1058    -2.020     7.092   -20.150   -1  228  850  914
1059     5.996   -11.878    -6.600   -1 1266 1501 1448
1060   -16.326    16.352     8.167  134   -1  104  331
1061   -12.823     4.355     3.949   -1  507  704  880
1062     0.845   -14.050    -3.956   -1 1345 1541 1526
1063    15.678    10.976    -0.530   72  351   -1  466
1064    10.597     5.942   -15.221   -1  426  915  861
1065   -19.451    -7.883    16.904 1184 1128   -1 1271
1066    14.102    10.106   -18.977   -1  222  787  682
1067    14.777    -1.119    -8.552   -1  849 1169 1062
1068    -8.378     6.836     7.577  450   -1  584  711
1069   -13.004     5.026    11.594  574   -1  596  784
1070    -3.559    10.376    -3.754   -1  205  542  628
1071     6.532   -14.079     1.040 1075 1433   -1 1477
1072    24.703    18.679     1.532   -1   66  289   57
1073    14.330    15.347    -5.510   -1   85  457  322
1074    13.984     0.207    -2.517  470  847   -1  969
1075     2.487    -6.447    -5.511  769 1034 1295   -1
1076   -19.683    15.591    15.238  225   13   47   -1
1077    19.286    -0.407    18.003  580 1111   -1  792
1078   -12.765    13.535    11.112   -1  115  213  402
1079    21.503    17.143     8.897   -1  184  268   71
1080   -21.882   -12.429     6.031 1305   -1 1346 1491
1081     0.920    -5.664    -1.363  784 1020   -1 1238
1082   -21.033    -6.678    11.979 1111 1015 1069   -1
1083     4.123    11.863   -11.123   -1  125  593  588
1084   -17.466    13.923    10.336  240   -1  184  417
1085   -21.662    15.527     3.761  164   -1  150  433
1086     3.211    -4.719     7.888  798 1079 1125   -1
1087   -19.708    13.160     1.467  223   -1  271  549
1088     0.391   -16.040    16.869 1344 1591 1490   -1
1089   -19.749    -6.542     9.603   -1  996 1083 1280
1090     1.142   -13.410     8.504 1152   -1 1456 1427
1091     2.165    14.333    -8.357   17   -1  463  460
1092    -5.754     0.765   -13.812   -1  554 1037 1124
1093    -4.113    12.765    -3.205  110   95  435   -1
1094    12.490    14.465    13.445   54  287  297   -1
1095   -11.339    16.480    17.876   -1   53   38  201
1096    -8.140    -8.575    -4.911  939 1042   -1 1380
1097     1.435     2.712    -2.789   -1  631  904  930
1098   -18.141   -11.645   -17.745 1025  985 1483   -1
1099   -22.931    15.865     6.019  181   -1  106  406
1100   -19.129    -0.728    -5.680  716   -1  960 1179
1101    -4.513    -5.938    -5.591  805  955   -1 1286
1102   -17.691    10.178    -0.156  320  133  450   -1
1103     1.859     9.080    16.144  350  506  454   -1
1104   -20.897     9.495     4.961  429  197  392   -1
1105   -13.346    11.371    -0.257  226  114   -1  602
1106    21.672     4.837     4.722   -1  764  848  651
1107     6.151    11.934   -20.108    9   -1  692  657
1108    -9.416    15.793    18.692   -1   97   73  210
1109    24.345     7.907     3.371   -1  614  734  519
1110     8.566     9.465     6.015  193   -1  568  506
1111    15.468   -11.268    13.482   -1 1487 1394 1277
1112    -1.544    15.375    16.959   -1  163  145  200
1113   -25.778     2.932     0.742  671   -1  721 1028
1114    21.752     5.590    -2.785   -1  657  884  692
1115    16.615     3.297    -8.728   -1  675  994  883
1116   -23.831    12.714     0.109   -1    0  286  599
1117   -15.007     5.849     5.014  522  422  612   -1
1118    -1.683    16.273     9.318   -1   60  177  236
1119    13.448     8.428     7.522   -1  545  637  508
1120    18.087    16.799     3.092   -1  112  321  163
1121    -1.796     7.353    -7.613  249  336   -1  798
1122   -11.160    16.449    12.341  121   16   -1  267
1123    26.076    15.052     6.886   -1  311  405  147
1124     5.902    11.464     3.318   -1  282  490  467
1125    18.619    13.821   -18.758   -1   67  667  487
1126   -20.005    16.888    10.662  151   -1   31  310
1127    -7.387     5.362     4.493  490  501   -1  813
1128     5.004   -13.918    -2.180   -1 1381 1539 1497
1129   -18.839    16.711     1.380   99   -1  125  392
1130     8.587   -15.805    -0.985 1108 1479   -1 1533
1131    -8.943    -8.408    -7.915  912 1001   -1 1394
1132    -0.402    17.288    18.691   71   79   63   -1
1133   -20.581     4.648   -10.043   -1  293  770 1020
1134    -5.934    -4.798    -1.307  800   -1 1175 1235
1135   -17.788    12.651     8.291   -1   84  246  505
1136     9.007     6.326    -5.600  222  495   -1  765
1137   -13.793    17.074     1.909   63   -1  141  345
1138    -9.611   -15.656     3.367 1299 1396 1526   -1
1139    18.422    -7.689    -0.073  737 1249   -1 1225
1140    17.602    -5.635   -10.646  579 1057   -1 1233
1141    -6.082    14.074     0.535  101   56   -1  434
1142    23.968   -11.753    10.037   -1 1539 1468   -1
1143    -8.344   -17.332    17.245   -1 1579 1502   -1
1144    14.989    -8.854     6.365  856   -1   -1 1243
1145     3.978   -16.076    20.010 1341 1639   -1   -1
1146   -17.824   -18.898    16.952   -1 1571 1527   -1
1147     8.900   -17.200    18.289 1321   -1 1548   -1
1148    21.397   -13.685    13.377   -1 1617 1503   -1
1149    15.109   -12.361    17.130 1065   -1 1407   -1
1150    21.663    -4.746    18.556   -1 1333   -1  967
1151    -1.331   -16.490    11.271   -1 1549 1534   -1
1152    15.469   -16.712     6.364   -1 1622   -1 1504
1153    25.733   -10.445    10.856   -1 1516   -1 1228
1154    19.471   -13.365    16.616   -1   -1 1470 1310
1155    17.344   -14.353    12.129   -1 1603 1518   -1
1156    19.621   -14.158     8.190 1022   -1 1540   -1
1157     7.935   -18.664    16.291 1374   -1   -1 1532
1158   -11.378   -15.793    11.982   -1 1453 1473   -1
1159    23.123   -14.273    10.341   -1 1621 1543   -1
1160    13.757   -14.781    11.691 1120 1588   -1   -1
1161   -13.846   -15.471     9.623   -1 1415 1462   -1
1162    20.638   -11.599    18.356   -1 1584   -1 1239
1163   -18.683   -18.859    18.631   -1 1573 1508   -1
1164   -17.490   -18.919    19.009   -1 1587 1513   -1
1165    29.169    -9.177    12.438   -1 1506   -1 1152
1166   -19.071   -17.004    17.541   -1 1495 1447   -1
1167   -19.321   -14.811    14.847   -1 1391   -1 1513
1168    22.176   -10.885     8.790  885   -1 1435   -1
1169    27.344    -8.637    18.162   -1 1522   -1 1099
1170    30.187    -6.058    14.136   -1 1408   -1 1015
1171    17.384   -15.666     0.971   -1 1563   -1 1488
1172     2.201   -14.527    13.787 1242   -1 1463   -1
1173   -22.825    18.328     3.599   -1   -1   34  325
1174    16.125    16.183   -13.644   -1    6   -1  358
1175     7.232   -11.440    19.649   -1 1490   -1 1273
1176     5.562    18.993    19.620   -1   -1   18    1
1177    -3.370   -15.190    14.978 1326   -1 1460   -1
1178   -15.212     4.103   -17.586   -1   -1  889 1063
1179   -12.348   -12.392     3.625 1187   -1 1395   -1
1180    21.166    17.975    -6.931   -1   14   -1  188
1181    -5.791   -12.930    15.051   -1 1423   -1 1396
