1657
   1    17.449     7.394    10.121  236  663  683  521
   2    -7.066   -14.906     6.670 1283 1417 1492 1524
   3    20.654     7.230    15.743  260  757  658  440
   4     6.709    -7.779    12.264  928 1281 1244 1208
   5    22.051     9.377     6.041  123  559  659  431
   6    16.207     9.464    15.347  202  596  524  369
   7    13.036    -3.263    12.343  699 1138 1090 1007
   8     9.403    -7.383    15.484  914 1314 1214 1156
   9    17.011    -7.833    14.556  870 1386 1278 1149
  10    18.510    -4.285    15.729  725 1257 1122  993
  11    12.618    15.007    13.695   43  256  283  164
  12    11.957    -0.946     4.232  553  952 1062  984
  13    10.535    15.099    17.803   70  273  235  134
  14     8.276    13.245    12.593  115  298  345  282
  15    18.291    -6.170    14.675  791 1333 1211 1077
  16    22.044    10.400     9.791  108  541  573  348
  17     1.991    -1.556    17.336  755 1030  930  951
  18     8.772    -5.612    16.633  868 1244 1123 1087
  19   -20.804    -4.619     9.499 1012  913 1014 1228
  20    15.499    11.521    11.396  122  449  478  320
  21    21.579     8.759    11.395  175  638  638  405
  22    11.182    -3.314     9.594  690 1094 1104 1045
  23    18.466    -8.034    11.675  837 1375 1320 1169
  24     3.984    11.763    19.301  229  412  323  301
  25    15.657     9.027     9.485  189  554  608  457
  26    -1.836     7.897    15.595  424  525  495  555
  27    22.114    14.140     9.950   11  344  408  177
  28    18.417     7.378    11.802  242  690  676  492
  29    10.710   -14.748    17.681 1204 1622 1485 1395
  30     9.006     8.932    12.884  261  538  533  466
  31    21.211    10.224     5.928   98  508  618  392
  32    19.888     5.106    17.139  379  863  732  540
  33    14.603    15.874    13.172   15  226  267  124
  34    11.261     6.676    11.217  329  658  674  573
  35    19.297    10.094    16.081  170  598  510  314
  36     0.427    -8.233     9.039  973 1217 1258 1278
  37    11.910     8.161    13.408  279  609  592  482
  38     3.988    -9.657    15.133 1042 1363 1293 1273
  39    13.691     9.783    20.087  243  606  465  324
  40    18.937     6.712    11.196  266  721  715  531
  41   -19.897     0.011     5.078  786  671  844 1086
  42   -11.398    14.888    10.715  169   60  176  341
  43   -24.222    -5.487     4.083 1025  880 1071 1306
  44    18.566    13.982    16.649   57  394  337  143
  45    13.060    11.274    19.553  191  520  395  266
  46     3.610    -4.013    12.530  811 1095 1074 1078
  47   -24.442    -2.581    -1.775  873  693  998 1250
  48     4.528     1.421    15.078  595  894  825  832
  49    13.313    -9.445    10.118  919 1382 1358 1261
  50   -24.024     4.325     4.410  634  418  643  937
  51    12.586     8.026    10.556  256  589  626  508
  52    11.862     6.332    19.445  408  763  615  500
  53     8.654    12.736    16.343  150  365  335  262
  54     4.660    -6.350    10.228  875 1181 1199 1183
  55    23.594     2.062     4.629  380  914  983  786
  56    17.387     9.496    19.514  223  647  500  318
  57    14.068     6.699     9.481  294  664  703  571
  58   -13.183    -9.719    10.009 1143 1186 1256 1364
  59   -20.045    -8.615     9.854 1165 1086 1183 1352
  60     9.440    12.941    18.817  151  390  304  219
  61    12.768    -8.604    16.935  952 1406 1274 1182
  62     8.260    -9.883    17.230 1032 1431 1305 1252
  63     0.093    13.853    18.937  185  263  218  235
  64     9.864     5.720    13.153  399  711  691  605
  65    10.932   -10.983    14.360 1029 1459 1373 1291
  66   -19.651    -7.506     6.803 1099 1026 1158 1333
  67   -23.357    -3.545    -0.147  909  766 1029 1264
  68   -18.654    -7.309     7.099 1082 1028 1146 1320
  69     9.785    -9.325    15.893  990 1403 1300 1229
  70    11.911    -5.490    -0.424  694 1100 1269 1198
  71    11.138     1.156   -10.678  394  706 1077 1026
  72   -11.986    -6.231    19.021 1078 1134 1048 1190
  73     3.166   -10.246     9.691 1022 1339 1352 1324
  74    -0.714     2.587     9.596  549  749  797  860
  75    -7.423   -15.586    11.300 1355 1474 1489 1521
  76    18.801     7.117    14.629  276  735  665  472
  77    17.026     5.805     8.367  299  718  759  604
  78     6.798     2.717    12.891  528  833  799  775
  79   -20.905     3.256     8.291  681  533  672  934
  80    12.690    -4.334     7.598  707 1136 1173 1090
  81     8.906   -14.107    19.274 1211 1597 1446 1372
  82   -18.745   -10.158    18.867 1304 1246 1184 1348
  83     7.812   -10.308    19.206 1071 1451 1307 1256
  84   -12.546     7.227     5.384  455  366  554  750
  85     3.857    13.316    17.349  162  307  276  252
  86     3.359    11.180    12.355  210  363  407  394
  87     4.007   -10.115     7.748  999 1316 1362 1328
  88   -14.019     6.171    10.521  532  465  544  756
  89   -16.907     7.080     6.555  502  357  520  767
  90     6.512    10.664    12.732  208  427  453  395
  91    12.987     4.760     7.757  374  731  785  687
  92    12.480     6.989    13.808  325  678  646  532
  93    -0.800     8.147    12.399  382  495  511  566
  94    13.204    13.999    15.527   80  330  313  182
  95    22.661    -6.305     7.210  701 1294 1295 1119
  96   -22.615   -11.886     9.078 1319 1200 1317 1464
  97    10.251    11.838    11.404  141  381  428  338
  98    17.380    -9.006    17.509  930 1456 1310 1167
  99   -21.771    -5.138     3.568  989  875 1075 1282
 100   -18.030    -8.361     0.662 1054 1021 1247 1387
 101     8.741    -1.448    15.022  680 1051  971  931
 102   -10.335     4.150    10.488  577  593  671  834
 103   -25.866    -0.209     1.209  812  591  857 1145
 104   -16.203     1.584    17.750  794  745  687  909
 105   -25.903     3.917     0.711  635  388  682 1002
 106    -4.357   -12.707    -6.655 1049 1223 1506 1517
 107   -16.018   -12.802     3.412 1253 1231 1406 1504
 108   -10.039    -0.807    14.874  813  876  847 1004
 109    -0.318    15.289    18.253  136  186  149  183
 110    13.199   -14.533    15.576 1157 1614 1497 1392
 111   -14.087   -11.688    12.013 1267 1279 1324 1414
 112     0.860     5.675    11.710  461  624  655  681
 113     3.684     5.131     0.872  378  564  782  800
 114   -13.398     1.327     3.550  663  640  833 1022
 115    20.643    11.152     3.796   61  432  598  381
 116   -11.489    -5.101     4.959  913  958 1110 1247
 117     2.494     0.526    15.239  656  916  850  878
 118     0.393    12.486    11.793  186  267  343  364
 119     9.586     5.982    15.973  415  727  650  567
 120   -21.424    -3.246     2.384  904  788 1010 1232
 121     8.553     4.104     8.394  438  738  783  740
 122     7.773    13.123    11.810  117  290  355  294
 123     8.609    -0.245     0.775  534  868 1036  999
 124   -18.035    -2.190    15.778  947  889  855 1084
 125     0.632    10.367    12.201  265  386  430  462
 126   -23.976    -7.211     5.193 1104  965 1132 1349
 127   -16.912    -7.080     9.170 1074 1047 1124 1295
 128     5.402     1.390    18.247  617  926  804  796
 129     3.874    -8.185    11.837  961 1274 1252 1246
 130   -10.233     7.658     6.807  427  383  537  700
 131    18.942     3.093     5.465  381  839  914  751
 132     6.007    15.947    13.298   47  154  217  168
 133     1.641    11.182    11.713  216  342  405  412
 134     0.233    10.207    14.055  292  407  416  451
 135     1.771     7.090    12.356  401  562  594  597
 136    -6.421     2.264    19.344  689  808  698  822
 137     5.443     9.347    14.822  291  509  485  452
 138    -7.225    -8.817    11.770 1085 1212 1226 1305
 139     5.601    -0.134    11.563  627  935  934  916
 140   -17.287   -13.261     7.094 1311 1273 1388 1503
 141   -16.190    -3.970     1.580  884  848 1068 1241
 142   -20.137    -9.569    10.875 1219 1137 1209 1379
 143   -23.712     3.731    -0.895  602  398  724 1008
 144    -2.242     3.403     4.170  512  635  794  881
 145   -20.830    -1.354     9.460  886  771  860 1112
 146   -12.658    12.379    19.179  346  238  202  383
 147   -14.536     4.755    15.329  619  570  560  783
 148     6.599    -0.003    13.016  622  948  920  896
 149     3.267    10.143    11.687  246  414  469  460
 150    10.989     3.789    18.003  500  861  734  637
 151   -10.774    -0.362    19.832  842  905  779  935
 152     5.243   -15.436    10.563 1223 1554 1533 1475
 153    10.602     4.314     7.058  404  730  801  733
 154    22.538    -5.078     7.752  659 1247 1238 1067
 155    10.544     1.832    10.269  516  874  891  827
 156    -7.272     6.832    17.962  520  560  487  608
 157    11.091     0.053     8.172  550  936  980  910
 158     4.803   -14.275    16.616 1242 1555 1456 1404
 159   -23.793    -2.957     3.394  920  765  970 1220
 160    -2.567    10.774     7.595  233  287  438  505
 161   -22.313    -8.828     2.078 1124 1022 1235 1409
 162   -16.238    -3.544     8.297  918  895  995 1176
 163   -22.498     1.533    -2.435  672  496  830 1102
 164   -18.064    -1.733    11.236  891  823  887 1106
 165    -6.652     3.258    15.189  618  719  678  818
 166   -16.467    -3.984     4.968  912  873 1041 1219
 167    -6.887     2.929     6.012  561  636  777  903
 168     1.582    10.796     1.965  172  270  509  543
 169   -11.839    -9.582    -1.081 1036 1089 1341 1413
 170     1.371     6.642     2.087  345  487  704  724
 171    -1.451     6.104    16.131  493  628  569  617
 172     0.612    -0.947    18.633  759 1002  890  918
 173    -5.173    -2.449     2.208  739  870 1055 1133
 174     1.287     7.766    13.796  391  540  532  557
 175    23.203     5.314     0.877  212  723  880  662
 176   -24.027    -9.312     2.462 1163 1033 1243 1427
 177    22.756     5.046     3.257  241  756  864  655
 178     9.404    18.220    19.708    6  120   84    5
 179   -12.482   -13.829    12.429 1341 1384 1396 1474
 180   -10.684    -1.963     5.855  792  841  978 1114
 181     4.173    -4.342    11.483  814 1109 1095 1098
 182    -2.007     0.958    12.175  653  836  836  907
 183   -25.098    -6.486    -1.527 1023  862 1150 1367
 184    -0.876    14.300    10.477  126  159  269  305
 185   -19.443   -10.585     5.846 1202 1141 1297 1434
 186   -23.512    -2.904     0.413  892  737  999 1240
 187    -2.418     5.004     4.238  459  552  730  813
 188    17.132    -2.620    12.580  642 1144 1078  959
 189   -17.643   -11.379     4.845 1212 1172 1346 1458
 190   -23.216   -12.077     7.754 1321 1189 1331 1482
 191     1.983     0.709    18.634  677  934  812  843
 192    15.104    15.953    17.074   27  259  233   79
 193    -2.432     4.188    -8.354  393  471  877  952
 194    -3.188     5.340    19.117  540  679  562  640
 195   -14.751    -2.034   -12.563  671  641 1107 1258
 196     3.137    -6.985    16.954  968 1263 1167 1157
 197   -21.685    -4.790     5.397  991  878 1047 1263
 198    18.275     1.825     8.042  450  915  940  799
 199    -5.576   -10.045    11.382 1107 1275 1294 1336
 200   -11.737     9.402    16.765  451  378  351  539
 201     0.491    -8.159    18.067 1038 1298 1192 1210
 202    -9.692    11.077     3.375  248  189  419  575
 203    21.188    13.920     7.535   14  324  439  215
 204     0.357   -14.000     8.819 1189 1450 1478 1453
 205     1.334    -9.278     5.509  975 1236 1339 1325
 206    -2.307     7.710    -0.226  303  374  654  725
 207   -20.834    -7.149     4.830 1073  985 1148 1338
 208   -17.549   -13.276    14.921 1379 1351 1350 1461
 209    -7.581    -2.089     1.825  740  834 1035 1130
 210   -15.180    -3.821     0.842  866  843 1072 1235
 211   -23.076   -13.477     4.651 1351 1216 1393 1538
 212    12.337    -3.702     4.993  665 1077 1163 1083
 213    -4.027     2.812     1.834  524  631  839  929
 214     0.965    12.729     7.706  146  224  372  389
 215     9.701    10.392     8.279  178  422  512  437
 216   -19.142    -0.230     3.428  775  673  883 1105
 217   -23.496     5.826     4.924  572  347  557  877
 218    15.051    10.279    19.361  207  579  462  297
 219     1.256    -1.363     4.814  660  901 1023 1048
 220     6.058    -1.291     7.278  637  947 1021 1003
 221    -4.052    -6.822     2.571  901 1066 1234 1279
 222     1.401     9.082    -8.942  160  246  700  715
 223    -6.626     7.600    18.169  488  535  457  576
 224    -5.403     5.949    18.348  533  621  530  629
 225   -21.844     3.373    10.583  709  539  640  920
 226    13.088    -4.803    11.742  750 1199 1159 1069
 227    -7.815     3.846     4.265  530  566  744  886
 228     2.187    17.261    15.077   41   74  118  119
 229   -24.702     5.264     0.193  565  326  635  936
 230    25.861     1.987     2.843  352  919 1015  793
 231   -12.034    -9.835     9.102 1130 1195 1273 1368
 232     4.860    15.809    12.572   54  149  224  185
 233   -17.508     8.291    15.235  519  369  386  625
 234     5.574    -4.735    -1.764  708 1024 1218 1204
 235     0.439     6.749    18.243  473  630  528  565
 236   -11.814    -2.946     6.658  850  886 1009 1150
 237    24.586    -2.493     4.542  529 1121 1175  981
 238     5.157    -3.182    18.653  817 1133 1004  989
 239    -8.593    -8.664    10.626 1079 1177 1224 1315
 240    -5.673     9.236    16.744  409  438  398  501
 241   -21.016    -2.071   -13.071  728  577 1085 1280
 242   -17.681    -4.136    -5.708  843  780 1121 1292
 243    19.626    14.783    13.250   19  325  342  137
 244     3.454    11.904    11.195  182  318  391  378
 245   -12.478     4.628    15.748  609  602  580  772
 246    14.533     7.427     3.736  213  568  721  594
 247   -17.744   -11.775    14.644 1323 1277 1288 1415
 248   -14.137   -15.047     8.886 1368 1388 1460 1534
 249    -6.450    10.521    17.906  371  371  329  434
 250   -16.333    -0.658    -0.571  736  676  946 1134
 251   -13.949    -7.174     1.333  985 1006 1210 1334
 252     4.843    -0.450    19.183  711 1019  881  872
 253    10.438    -0.503   -11.580  458  774 1143 1097
 254    10.496    -9.150     7.139  908 1322 1354 1277
 255   -20.597   -12.032     0.734 1236 1149 1379 1506
 256    -4.707    14.802    15.494  156  151  171  261
 257   -15.011     2.365     6.945  661  612  748  961
 258    22.582     0.363     3.014  441  968 1063  885
 259    13.177    14.175    14.310   68  308  316  191
 260   -13.525   -12.428    12.390 1293 1317 1349 1436
 261     2.532    14.682    10.507   90  170  273  273
 262    12.816    -1.171     7.378  579 1004 1042  967
 263   -11.279     2.099    15.662  705  747  714  882
 264   -20.045   -10.799     9.849 1266 1176 1270 1420
 265     5.410    -2.726    11.701  741 1049 1040 1032
 266    20.742   -10.425     9.272  893 1464 1416 1269
 267    24.150     2.767     3.680  333  881  964  752
 268     0.262    16.960    15.121   58   75  119  141
 269     6.445     8.425    10.164  285  518  566  537
 270    -5.384    -0.705     0.076  650  776  997 1085
 271     9.972    -3.625    10.845  726 1118 1102 1050
 272     5.662    11.872     7.887  147  306  433  393
 273    -4.568    -0.392    14.389  742  903  867  962
 274   -11.211    16.363    12.068  130   15  109  268
 275     6.151    -7.226   -13.871  704 1023 1394 1355
 276     8.275    17.240    12.238    2   99  181  116
 277   -11.367    11.177     5.561  277  190  389  558
 278    -6.621    -6.981     6.785  963 1087 1200 1275
 279   -15.510     5.908    19.191  604  544  476  693
 280    -0.099    15.415    13.552   99  137  201  221
 281   -17.359     8.409    14.055  507  352  397  635
 282    -7.970     0.949    -0.467  592  667  919 1047
 283     7.952    -2.653    18.665  767 1130  992  955
 284    10.657     2.815     2.315  428  758  910  848
 285     3.040     3.845    14.117  523  755  725  737
 286    -4.815    17.728    14.899   60   25   60  140
 287   -18.989    -1.823   -13.458  695  587 1083 1268
 288   -19.121    -9.032    11.350 1184 1128 1190 1354
 289     5.504     5.191    13.775  464  707  677  647
 290     9.750    13.120     8.256   85  276  400  315
 291   -20.721     9.002     5.592  449  220  427  711
 292    -3.053    16.932     8.501   42   23  159  226
 293   -14.230    -0.623     9.322  800  789  869 1056
 294    -7.884   -10.435     0.046 1045 1165 1375 1422
 295    -6.002    -3.393    10.290  848  987 1025 1115
 296   -14.370   -12.595     5.337 1243 1256 1386 1483
 297   -10.599   -11.378     0.753 1116 1194 1385 1457
 298   -20.031    -8.215    -6.481 1010  932 1290 1426
 299   -22.400    12.540     1.152  272   32  306  596
 300     3.615    11.471   -15.060   45  100  660  656
 301     2.661     9.222    -8.650  154  262  696  692
 302    -3.295     5.516    10.085  482  572  657  735
 303     0.346    11.243    17.671  275  392  341  363
 304    -8.349     4.868     2.156  491  499  727  863
 305     1.402    13.918     4.283   87  142  352  370
 306    -3.936   -13.181    -5.433 1081 1259 1519 1525
 307     5.133     4.733     4.765  418  634  769  765
 308     4.165    15.653     9.607   46  118  245  225
 309   -10.047   -13.694     9.531 1285 1367 1420 1480
 310    -0.967    14.809     4.217   73   77  299  347
 311     3.959    12.780    14.638  168  304  317  307
 312   -16.762   -11.727     4.127 1210 1190 1364 1468
 313   -20.155     9.378     8.730  456  232  384  657
 314    14.628     5.128    10.935  372  761  749  619
 315     4.319    -7.160    17.425  965 1280 1177 1162
 316     5.317    17.252     9.066    1   59  198  155
 317    18.832    12.517     1.416   31  319  536  358
 318    17.508     4.862    -0.622  262  684  889  738
 319    14.050    16.954    16.894    4  203  184   52
 320     1.727    16.603     8.352   34   58  208  210
 321   -10.453   -12.963     4.559 1207 1291 1424 1487
 322    17.738   -12.014    -0.843  896 1420 1521 1390
 323    -5.556     2.525    19.919  675  807  685  789
 324    26.356    -1.352    -0.294  453 1044 1172  969
 325   -20.585     7.168     4.109  510  291  519  819
 326   -21.775    13.201     4.454  268   26  248  546
 327     7.647     6.941    16.984  395  681  583  525
 328    -0.815    -1.786     4.550  683  900 1031 1074
 329    16.610     1.401     3.671  445  883  984  865
 330    12.852     7.458     3.206  219  547  722  601
 331    -3.438    -0.143     1.488  615  777  968 1049
 332   -11.936    -0.590    -6.566  641  652 1019 1154
 333    -6.097    -4.760    10.770  907 1045 1070 1164
 334     3.516     7.388   -19.402  148  247  865  879
 335   -24.100    -2.500    -1.750  863  697  996 1245
 336   -11.107     7.046    -0.072  407  335  637  814
 337    12.434    -8.269    15.338  925 1374 1267 1184
 338     3.951    -6.173    -9.638  715  995 1336 1310
 339   -10.431     6.198    -0.686  432  385  679  842
 340   -11.410   -10.780    -1.869 1080 1139 1382 1452
 341     0.868    13.653    16.406  164  255  247  270
 342    -4.424    16.976    14.090   79   47  100  175
 343    -9.247    -4.412     1.902  847  923 1114 1224
 344    16.565    16.331    20.046   26  283  194   26
 345   -11.698    -0.472    16.381  824  865  811  982
 346    -6.877    16.899    15.839  104   49   74  176
 347   -12.377     7.373    -1.145  397  301  622  810
 348    13.219    -7.144    -8.016  686 1112 1384 1290
 349    21.502    -7.886     7.211  774 1355 1351 1187
 350    -1.293     6.288   -16.563  221  294  863  926
 351    13.531     4.575     7.077  370  742  806  701
 352    16.126     5.009   -11.679  194  549  958  849
 353    -4.529   -13.473     1.270 1145 1327 1486 1496
 354   -14.577     9.254    -0.670  334  202  508  734
 355   -20.261   -10.252     1.504 1162 1075 1315 1449
 356    10.341     4.958     2.826  351  653  807  746
 357    -0.412    -6.670    18.751  994 1242 1118 1146
 358    -4.135    11.756    16.133  280  302  303  386
 359    -6.193     6.726    -7.892  312  317  740  866
 360    -2.276    13.369     3.173  119  125  366  424
 361     9.279     0.858   -12.598  410  689 1098 1053
 362     2.661    -2.683    17.515  806 1072  976  992
 363    16.208     4.003     5.230  364  779  856  729
 364     0.240    10.695    -4.441  144  206  570  600
 365   -12.975    12.034     4.000  237  116  353  550
 366     1.954    -1.065   -16.652  498  688 1180 1186
 367    13.089    13.328     1.583   36  230  477  355
 368    12.981    10.715     2.737  113  376  571  463
 369   -11.640    11.238     2.508  249  156  410  586
 370   -17.346    -0.521    -1.173  734  657  938 1137
 371   -19.564    11.140     0.988  308   90  385  645
 372   -21.931    -9.273    10.355 1213 1113 1195 1376
 373    -5.671    11.953     2.175  184  165  418  528
 374   -21.979     2.686    -3.969  606  441  793 1057
 375    -1.380    -7.438    12.306  979 1207 1202 1234
 376    -9.604    14.994     8.286  140   51  211  351
 377   -11.419    -6.037     1.605  923  975 1181 1286
 378    -2.776    -9.696    -9.007  905 1091 1423 1428
 379    -7.367    15.420     2.458   78   13  261  375
 380    -9.782   -13.732     1.700 1205 1303 1476 1522
 381   -25.440    11.219     3.493  383   66  324  649
 382   -23.970    10.550     4.772  405  112  347  660
 383   -20.578     7.073    -2.785  463  240  604  873
 384     0.697     8.569     3.995  278  396  599  613
 385    -9.588   -14.032     3.027 1235 1337 1481 1527
 386   -23.252    11.050     4.121  376   93  336  639
 387    11.464     5.111    -4.189  273  576  872  805
 388   -19.480    10.591    -2.843  301   85  452  709
 389    23.232    -1.461    -0.608  474 1027 1162  986
 390   -15.305    11.233    -9.804   -1   39  507  728
 391    21.864   -10.332    -8.639   -1 1304 1525 1369
 392    13.003   -13.161    11.303   -1 1531 1479 1375
 393    11.551   -11.052     8.946   -1 1427 1409 1323
 394   -10.114   -13.978     6.545 1271 1361 1451   -1
 395    16.224     1.945    -5.615   -1  768 1034  925
 396     9.450   -15.073    11.830   -1 1575 1529 1447
 397   -11.900   -14.314     4.152   -1 1341 1472 1531
 398   -17.473    -4.723   -11.175  819   -1 1193 1342
 399   -11.255    -0.876    12.774  808   -1  861 1033
 400   -22.351     2.120     3.337  700  527  752   -1
 401    -3.722    -3.040     6.864  787  944   -1 1118
 402     1.490    10.184    16.326   -1  453  403  417
 403    -2.713    12.254    19.327  267  328   -1  325
 404    -1.059   -16.051    12.872   -1 1547 1515 1509
 405   -14.075   -10.255    16.821 1251   -1 1215 1347
 406    11.730    -9.149    11.609   -1 1369 1334 1248
 407    14.878    12.260    12.671  107  411  425   -1
 408    -6.792   -13.390     7.739 1226 1366   -1 1466
 409     0.295    -0.071     1.129  582  802   -1 1036
 410   -13.819     0.685    14.480  781  781  762   -1
 411   -23.034     3.273    -4.690  588  389   -1 1052
 412    12.916    -0.501   -12.410  430  790 1171   -1
 413    17.598    13.114    -0.154   -1  260  514  357
 414     2.187    -5.530     8.730  851 1117 1165   -1
 415     3.457   -12.366    15.258 1155 1467   -1 1359
 416    16.814   -12.826     5.954   -1 1497 1508 1384
 417    -4.180     8.991     9.152  344  387   -1  583
 418   -10.267   -12.187    10.851 1240 1324   -1 1424
 419     3.240    -5.089    14.482   -1 1157 1100 1113
 420     2.052     6.162    18.768  483  686   -1  581
 421   -24.947     7.310    -1.052   -1  210  540  875
 422    -0.975    -6.965     9.522  937 1158 1203   -1
 423    -5.943   -13.247    10.990 1245 1397   -1 1443
 424   -15.041     5.737   -10.604  412   -1  760  970
 425    -1.851     3.085    12.652   -1  743  738  823
 426   -24.520    -4.194     3.131  976  813   -1 1270
 427    -8.315    -0.668    12.321  773   -1  876 1012
 428    -8.927     9.089     2.961   -1  279  513  659
 429   -19.238     9.594    11.379   -1  249  357  611
 430     5.321   -14.072    14.856 1200 1540   -1 1407
 431   -11.560     9.937    12.077   -1  300  377  556
 432     2.611    -6.496    10.448  899 1174   -1 1193
 433     3.053   -17.432    14.142   -1 1636 1561 1530
 434    -9.423    -8.541    12.594 1098   -1 1204 1298
 435   -11.519     1.064     1.760  640  655  882   -1
 436     2.746    -6.755    14.221  935 1219   -1 1177
 437    -8.755     9.879    16.624  400  372  358   -1
 438   -22.827     5.389     9.662  614   -1  538  855
 439     0.731   -15.674    16.912   -1 1579 1488 1463
 440    23.415     5.598     8.953   -1  796  795  570
 441    -4.899    -3.784     6.841  825  977   -1 1148
 442    20.023     3.159   -16.355  198   -1 1082  938
 443    -6.222    -7.532    15.939 1050 1203   -1 1233
 444    -0.627   -11.293    14.467 1136 1389   -1 1345
 445     2.327    -1.134    19.310  753 1037   -1  911
 446   -12.902    10.213     4.562   -1  212  431  610
 447    -8.498   -14.124    15.213 1342 1445   -1 1454
 448    12.595    -6.222    10.678  809 1241   -1 1139
 449   -12.290     5.806     8.305   -1  476  605  788
 450    21.438    -7.578    12.963   -1 1390 1302 1128
 451     2.635    -2.329    -6.345  593  844 1144   -1
 452   -11.853    -3.181    16.434   -1  984  935 1092
 453   -16.683    -0.951     4.238  788  736   -1 1116
 454    -0.596   -12.599    18.712 1238 1476   -1 1362
 455   -12.606     0.886    18.655  802  818   -1  913
 456    -1.172    11.321     8.025  204  275  417   -1
 457    20.247     3.779    10.019  375   -1  846  663
 458    19.794     9.561     1.638  101  488   -1  485
 459    -2.308   -15.818     9.068 1297 1504   -1 1523
 460    21.203    -4.898    10.367  678 1251   -1 1051
 461     2.856    14.690    -5.035   18   -1  415  416
 462    25.742    12.513     5.728   -1  421  535  274
 463    -5.944   -12.569     7.190 1176 1343   -1 1444
 464    -0.697   -14.451    12.697 1262 1491   -1 1450
 465     8.831    -4.716   -11.518   -1  943 1309 1257
 466   -12.395     5.954    18.293  581  561   -1  684
 467     0.707   -13.044    10.247   -1 1435 1436 1419
 468    -6.228    11.436     8.172   -1  233  380  495
 469    21.916    11.319     6.014   62  457   -1  344
 470   -13.642    -1.222    17.475   -1  893  820 1024
 471   -10.131   -11.528    12.795 1224   -1 1327 1394
 472    19.323    16.086    13.322   -1  251  278   85
 473   -13.457    11.126    16.892  392   -1  271  464
 474   -16.769    13.488    15.938   -1  119  152  385
 475     7.272     2.197    15.563  552  887  802   -1
 476     9.660   -15.192     7.076   -1 1543 1550 1473
 477     2.848   -16.897    14.413   -1 1616 1546 1513
 478   -12.674    -2.475     3.830  816  831 1012   -1
 479    22.313     7.652    -7.806   -1  512  843  646
 480   -21.923     0.239    -4.230  714  550  906   -1
 481    26.723    -0.130     4.585   -1 1042 1084  868
 482     7.251    -0.301     8.259   -1  925  973  943
 483   -17.704    -4.301    -0.286   -1  837 1086 1271
 484   -20.388     6.237    15.539   -1  459  468  747
 485    -9.764    10.857    20.138   -1  346  275  419
 486     0.128    -6.881    -2.554  831   -1 1292 1300
 487   -15.076     5.813     3.631   -1  404  634  850
 488    22.095    -0.843    -7.329  420  917   -1 1030
 489    -8.513     7.010    -1.077   -1  349  661  807
 490    -1.544    15.302    17.110   -1  168  155  203
 491    -1.058   -11.870     2.348 1065   -1 1434 1432
 492    22.280    -4.264    -0.903  562 1126 1275   -1
 493    -0.640     2.602     0.019  501  650  888   -1
 494     1.138     2.721    17.362  590  829   -1  761
 495     4.810    -8.793    10.040   -1 1282 1301 1274
 496     0.001    10.149    -8.300   -1  200  641  668
 497     9.462     6.181    17.643  422  732   -1  549
 498   -14.240    -3.659     1.789  862  850   -1 1216
 499   -15.633    15.268    18.979   -1   72   58  277
 500     3.449    -2.997     9.088  744 1029   -1 1063
 501   -12.864    12.682     8.612   -1  126  279  473
 502    -8.824    10.572    12.413  343  289  362   -1
 503    -5.276    -7.413   -14.613  799  931 1374   -1
 504    -6.350   -11.866     4.447 1126 1278   -1 1437
 505    -7.437    -9.990    13.821 1140 1276   -1 1329
 506     7.014     5.923   -11.366  215   -1  878  858
 507   -15.785    -4.012     4.274  902  879   -1 1221
 508   -21.355    -3.420     5.452  939   -1  985 1215
 509    -6.293   -10.849     4.511   -1 1234 1367 1405
 510   -10.939   -14.814     9.197 1334 1407 1464   -1
 511   -16.279     5.766    19.430  626   -1  475  706
 512    -6.099    -2.374    13.346  833  966   -1 1055
 513   -10.873     9.905     9.356   -1  281  409  578
 514   -19.490    -2.993     2.960  882  801 1002   -1
 515     8.305    12.781     6.269   95   -1  421  362
 516   -16.787    -9.104   -15.795  944  912 1391   -1
 517   -11.655    12.343     4.213  214  111  349   -1
 518   -20.499     9.202     3.443  425  192  446   -1
 519    17.307    -3.983    15.572  718 1227 1113   -1
 520   -13.609    13.573    12.222  239  109   -1  396
 521    -1.129   -13.892    15.602 1269   -1 1422 1421
 522     3.503    -2.445    13.921   -1 1046 1003 1011
 523    -4.842    -2.473     5.552  758  909   -1 1111
 524    20.505     3.553    -2.249  283  754   -1  811
 525    11.554    -7.245    15.536   -1 1332 1219 1143
 526     1.243    -9.169     4.081  959 1218 1343   -1
 527   -10.563     5.332    -8.854  403  341  786   -1
 528    -7.674     1.181    -0.472   -1  654  909 1038
 529    -2.171     6.867    -8.377  274  340  758   -1
 530   -18.611    -5.807    17.147 1105 1050 1007   -1
 531    -6.567    -8.300     8.603 1024 1164   -1 1307
 532    13.867   -10.460    -0.516  876 1330 1455   -1
 533    -9.648    11.438    14.361   -1  265  298  454
 534   -19.859     2.297    14.259   -1  643  668  927
 535    -4.736     9.378     9.600  332   -1  473  563
 536   -15.985    13.931     1.307  177   11   -1  504
 537   -22.312     4.526     9.863  655   -1  589  887
 538    -6.066     3.282     0.725   -1  571  816  930
 539    13.969    10.694    16.858   -1  529  458  312
 540     3.128    -8.916    13.945   -1 1315 1264 1260
 541    -0.006    10.658     5.497   -1  292  482  522
 542    -7.642     6.556     6.712   -1  461  614  741
 543    19.356     1.744    13.308  484  981   -1  743
 544   -17.835    11.075    13.395   -1  211  277  533
 545    20.040    -7.046    -0.119   -1 1229 1360 1212
 546    -3.865    10.185     8.343   -1  320  455  538
 547    18.627    -5.078    16.673   -1 1299 1151 1025
 548    -5.989   -15.194    16.866 1373 1521   -1 1471
 549     3.135     9.894    12.721  270  442  466   -1
 550    -0.249   -12.955     8.736 1153 1411   -1 1425
 551    -2.929    -0.640    -2.385  598  770 1028   -1
 552   -11.759     0.130    12.124  769  803   -1  991
 553    -6.380   -17.373    17.591   -1 1593 1517 1535
 554     8.894    -3.195    10.250  716 1078   -1 1046
 555     9.072   -11.579    16.163 1088 1486   -1 1311
 556   -22.151    -9.244     4.729 1167 1057   -1 1403
 557   -15.575    10.686    14.468   -1  250  292  529
 558   -19.964    -9.769   -12.707   -1  938 1381 1511
 559   -19.001     6.705     4.716   -1  336  546  828
 560    -9.089     7.303     2.061  398  362  612   -1
 561    17.671    -0.063    19.746  587   -1  921  777
 562    -8.031     3.933     7.085  538  590  726   -1
 563    20.948     2.475    15.266   -1  980  866  670
 564    -5.179   -14.367     9.132 1268 1437   -1 1489
 565     8.190    -5.678    11.758   -1 1198 1178 1124
 566     4.710   -15.618    11.265 1246 1565   -1 1477
 567   -17.614     1.076    10.384   -1  687  764  997
 568     0.165    17.316    20.168   76  103   -1   83
 569    21.586     8.461    16.675   -1  709  602  367
 570   -20.473     6.821    -7.311  431   -1  662  923
 571     4.077    18.958    15.021   -1   31   63   47
 572    14.421     7.203    19.953   -1  748  579  443
 573    20.645    12.865    11.469   -1  420  445  228
 574   -20.649    14.877    12.990  247   27  101   -1
 575     5.137     2.331     2.477  490  733  901   -1
 576   -10.647    -7.072    12.293 1043 1116 1131   -1
 577    26.545    -1.791     3.341   -1 1090 1160  948
 578    -8.097     7.887    -5.397  302  269   -1  801
 579   -20.773    -1.994    -6.209  780  651 1033   -1
 580    18.809    -1.586    19.898   -1 1178  989  839
 581   -14.833    -5.041    19.020 1052 1060  972   -1
 582    16.713   -10.887     6.662  917 1438 1439   -1
 583    -6.651    -4.205     4.399  836  956   -1 1191
 584   -17.524     8.875    19.349   -1  377  321  568
 585    16.900    17.661    15.874   -1  183  175   13
 586    22.612    -0.931     4.521  497 1043 1099   -1
 587    -8.394     5.135     2.289  476  484  717   -1
 588     5.931    -8.200    14.399   -1 1308 1242 1217
 589    11.265    -6.800     4.949   -1 1204 1281 1207
 590   -22.843   -14.343     4.557 1381 1260 1425   -1
 591     4.282     4.663     6.327   -1  645  755  760
 592   -19.783   -11.888    13.032 1332 1258 1289   -1
 593   -20.330     0.739    14.127  829  720   -1  996
 594     4.407    -2.737     5.744  697  989   -1 1076
 595    -3.161     7.989     7.304   -1  429  556  631
 596    -2.686   -15.178    17.922 1357 1548   -1 1451
 597    -6.187    -4.931    13.948  938   -1 1061 1151
 598   -18.180   -12.244    17.563 1369 1326 1284   -1
 599   -16.116     1.720   -19.760  504  379 1008   -1
 600     3.826    10.082     8.791   -1  391  497  491
 601   -16.853     4.251    -8.198   -1  354  796 1015
 602    20.310     7.366    -6.010  133  523   -1  654
 603   -21.998    -7.557     8.465 1123   -1 1126 1335
 604    10.501     7.001    18.308   -1  703  582  497
 605     3.619     6.419     9.639   -1  583  656  642
 606    12.165    -7.445     6.595   -1 1254 1303 1214
 607    -0.800    -8.139     4.784  946 1167   -1 1299
 608    10.989     4.708     5.418  377  695   -1  726
 609    12.729    16.809    13.698   -1  172  214   95
 610    13.590     4.184    20.002  475  892  719   -1
 611     0.799   -15.377    19.249 1339 1589   -1 1445
 612     8.337     9.027     8.037   -1  482  572  519
 613   -23.342    13.057     7.908  311   40  223   -1
 614    -3.830    -4.516     5.634  835 1007   -1 1178
 615    -5.838    13.207     8.583   -1  157  301  399
 616   -16.281    11.833    -7.004   -1   34  460  680
 617   -14.871    -8.528    16.509   -1 1180 1141 1293
 618   -14.324    10.310    -2.875  269   -1  493  694
 619     8.234   -16.875    11.660 1270 1633   -1 1508
 620     8.311    17.610     9.851   -1   63  189  118
 621     5.196    -9.026     6.127  940 1264   -1 1297
 622     6.499     0.850   -14.117  419   -1 1094 1079
 623    -6.067     2.799     6.900  567  665   -1  897
 624     1.337   -10.769     9.998 1063 1346   -1 1346
 625    20.511    17.335    10.193   -1  174  265   60
 626    -1.259    -6.686    13.499  962 1179   -1 1202
 627   -17.530    -4.108     3.127  911  857   -1 1238
 628   -14.598     6.513    10.491  527  446   -1  744
 629     0.127   -14.358    20.188 1312 1559   -1 1402
 630    -2.613   -12.257    14.054   -1 1410 1371 1386
 631     1.222    -5.701    12.252  895 1150   -1 1153
 632     0.872    -1.956   -19.190  518  698   -1 1236
 633    -7.507    -9.609     6.868   -1 1197 1304 1360
 634   -10.880    -7.855    11.455 1067 1143   -1 1284
 635   -21.024     8.379     4.235  466  231   -1  757
 636   -24.136   -13.572     4.721 1367 1215 1390   -1
 637     8.795   -11.751     7.953   -1 1424 1433 1365
 638     5.477    -8.084    19.707 1007 1357   -1 1171
 639    24.244     5.266     9.981   -1  825  805  569
 640    -3.687    12.736     5.446   -1  173  364  445
 641    18.519     5.653    -4.533  200  605  894   -1
 642     6.541   -13.815     1.837   -1 1434 1534 1469
 643   -15.785    -9.776    14.715 1220 1214 1207   -1
 644     9.710    -3.527    -9.784   -1  918 1250 1200
 645   -17.034     8.683    12.640  489  329   -1  623
 646   -16.394   -10.473     8.941 1201 1182   -1 1401
 647    24.748    18.704     1.507   -1   61  307   61
 648    18.346     6.149     5.037  245   -1  774  607
 649   -23.672    -1.475    -2.741  815  632  961   -1
 650    18.952    11.394     1.630   53  382   -1  398
 651    13.370   -10.074    19.210 1011 1489 1323   -1
 652    13.065     0.839    13.783  544  979  908   -1
 653    -3.290    13.930    14.600  176  197  232   -1
 654    15.052   -10.605    -2.989  854 1319   -1 1366
 655     7.402   -10.307    -8.375  858   -1 1480 1412
 656    -0.259   -13.466    -3.417 1077   -1 1528 1514
 657    -2.464    -7.124   -15.913   -1  927 1378 1388
 658   -16.416     7.231    -7.804  385   -1  673  889
 659   -10.795   -12.856    13.612 1296 1368   -1 1431
 660   -15.999    -8.655    17.117 1192   -1 1130 1304
 661    20.317    16.982     7.658   -1  167  291  104
 662    -8.975     0.559    10.816  717  792  824   -1
 663     8.921   -14.164     8.207 1120 1512   -1 1440
 664   -11.127    -5.687    19.374   -1 1119 1020 1163
 665     4.322   -13.969    17.309 1234 1550   -1 1396
 666   -16.311     5.173    -9.320   -1  303  765  983
 667    -4.966    -4.121    19.905   -1 1101  982 1065
 668    -4.855    -0.443    -7.605  570  694 1053   -1
 669     9.914    -6.210     2.936  766 1151 1263   -1
 670   -12.842     9.613    19.037   -1  373  314  514
 671    -0.747    -2.521     9.442  760  976   -1 1059
 672   -10.767   -13.020    -7.216 1117 1183 1499   -1
 673   -11.458    16.539    17.353   -1   41   44  208
 674     7.836    -6.774   -11.456  687 1036 1376   -1
 675    14.725   -12.115    -2.553  910 1385 1524   -1
 676   -11.376    -3.495    -0.475  810  847 1079   -1
 677    -0.598    -3.034     4.975   -1  961 1073 1117
 678    -3.030   -16.013    10.849 1322 1522   -1 1526
 679   -10.083     9.918     5.691  320   -1  461  599
 680     4.144     5.290    11.607  446   -1  694  675
 681   -19.582     7.938    -4.144   -1  193  578  851
 682    -2.518    15.473    -0.672   -1   14  310  374
 683    12.024   -14.333     2.371 1048   -1 1556 1462
 684   -12.821     4.343     3.960   -1  507  711  890
 685     5.300     1.687    -1.995   -1  725  965  963
 686    10.834    19.187    10.241   -1   28  130   40
 687    -1.295    -2.094    15.211  797 1009  952   -1
 688    13.703     7.634   -14.760  105  367   -1  769
 689     0.445     5.383     6.326  434  573  713   -1
 690    -3.823    -8.592    11.880 1041 1222 1231   -1
 691   -17.310    -0.198   -11.385  631   -1 1017 1201
 692    18.368    13.997     9.542   32   -1  396  214
 693    12.953    -9.683     4.280  890 1340   -1 1303
 694    20.157     7.112    13.959  257  746   -1  470
 695    24.720    16.224     2.210   -1  191  406  147
 696    17.243   -14.593    17.010 1133   -1 1505 1371
 697     6.589   -17.238    11.243 1292 1629   -1 1528
 698   -13.231    -2.281    20.067  942  972   -1 1039
 699   -17.851    -8.712    -3.690 1034  994 1298   -1
 700    14.407     4.671    -1.451  289  659   -1  779
 701    18.880    16.253     8.107   -1  194  319  129
 702    -8.915     9.604     3.363  307  257   -1  627
 703    18.208    -3.016    20.181   -1 1239 1044  902
 704   -15.612    -8.739    16.610   -1 1184 1147 1309
 705   -10.206   -16.551    19.933   -1 1563 1463 1515
 706     1.926   -11.243    16.402 1129 1433 1337   -1
 707     2.316    -8.434    15.463 1014 1300 1222   -1
 708   -14.280    -5.737    -7.014  871  858 1213   -1
 709    -9.354     4.673    -4.343  457  440   -1  928
 710    11.916    13.362     9.216   74  286   -1  286
 711    -2.832   -12.414   -13.576  980 1161   -1 1532
 712    23.894    17.867     2.423   -1   98  333   89
 713     4.249   -10.563    14.456 1069   -1 1340 1301
 714    -1.641    -1.216    10.995  731  921  945   -1
 715   -22.858    -1.954     9.530  926  783   -1 1142
 716    -6.617   -10.241    -5.097  995 1120 1399   -1
 717    -9.338    15.806    17.834   -1   82   92  220
 718    -9.711    10.024    14.402  390  334   -1  515
 719   -21.667     5.574     0.247   -1  331  645  912
 720    11.173    -8.522    -6.826  778 1163 1413   -1
 721    -8.690    16.777     6.237   64   -1  153  292
 722    -0.452     7.424    12.382  406   -1  545  598
 723    19.168    15.626    14.578    7  284  281   -1
 724     4.730     0.521    18.237   -1  967  835  844
 725   -18.578   -16.404    -2.961 1361 1307 1555   -1
 726    21.127    13.394    15.532   -1  444  387  162
 727    15.284     4.166     7.842  387   -1  822  697
 728     6.106    -5.231   -13.540  629  933   -1 1288
 729     8.743    -2.805    12.694  720 1083 1059   -1
 730   -17.041   -10.805    14.388 1277 1243   -1 1385
 731   -19.328    -6.403    -3.703  960  890   -1 1361
 732   -22.618    -9.417    -7.907   -1  945 1335 1484
 733    -3.194    11.387    17.573  296  355  308   -1
 734    -8.873    18.816     8.607   29   -1   45  178
 735    20.828    -7.290    17.136   -1 1419 1254 1093
 736     8.362   -11.492     8.430 1019   -1 1415 1351
 737     4.310    -1.069    12.999  682  986  953   -1
 738     5.963     8.303    13.888  315   -1  531  510
 739    -1.332   -10.042    15.945 1115 1350   -1 1296
 740    17.682     4.881    -4.009  232  646   -1  771
 741    -6.342    16.316     5.829   -1    8  200  296
 742    -1.462     2.344    -4.011  492  618   -1  980
 743   -20.282     0.250   -11.019   -1  510  979 1188
 744    22.453    16.932    14.196   -1  241  255   25
 745     2.814   -11.123     8.735 1053 1356   -1 1363
 746     8.517     9.453     6.083  195   -1  574  517
 747    -8.078     9.982     8.914  322   -1  426  562
 748   -16.325     3.333    -7.153   -1  419  826 1043
 749   -20.620     7.015    14.531  574  402   -1  723
 750     3.829     4.699     2.576   -1  608  784  806
 751    -9.549    -5.090   -15.521  732  799   -1 1356
 752   -10.213   -14.776    14.824 1375 1457   -1 1485
 753    10.397     2.801   -13.956  305  585 1037   -1
 754    -9.884     6.600    10.018  494   -1  547  720
 755   -16.951    -0.445     4.568  770  704   -1 1099
 756    -9.865    -3.312    17.794   -1 1017  937 1075
 757    -4.372    -4.780   -14.495   -1  830 1280 1317
 758    15.360     7.600    -2.082  163  514  766   -1
 759   -22.457   -14.052    -7.393 1261 1147 1495   -1
 760    11.621    13.990     6.051   -1  227  393  293
 761    -7.747    14.527    15.031   -1  127  167  298
 762   -21.316     3.552     4.811  647  478  689   -1
 763    18.257    12.152    16.315  109  492  414   -1
 764    -8.905    11.641     8.641  258  208   -1  493
 765     0.480    11.782    18.572   -1  375  302  333
 766    19.545   -10.714    -9.675  763 1295   -1 1389
 767    -0.615   -13.588     7.126 1170 1418   -1 1455
 768    -1.092    -0.969     0.790  630  828   -1 1066
 769    25.751    18.100     6.083   -1  136  293   35
 770    11.566    -9.971     5.327   -1 1352 1389 1314
 771     5.428     6.969    -1.034   -1  469  731  722
 772   -20.078    10.728    -3.360  297   68  441   -1
 773   -10.523    18.361    15.088   75   -1    2  148
 774   -16.890    13.066    15.614  321  143   -1  403
 775   -10.054     6.827    -5.915  367  293  710   -1
 776   -25.092     0.281     0.974  784   -1  842 1122
 777     1.265    -5.829     9.519   -1 1132 1161 1185
 778     3.415    10.895    -4.860   -1  222  590  582
 779   -12.459    -1.928    12.418  865  891   -1 1070
 780     3.961    -0.665     2.510  586  864   -1 1029
 781    -1.416     6.812     4.674  384  479   -1  707
 782     4.788    -0.667   -14.376   -1  708 1149 1141
 783     9.071    18.493    16.688   -1   80   95   20
 784    12.118    -0.754    13.249  599 1040   -1  901
 785     6.681    -1.485     6.072   -1  954 1038 1020
 786     9.186    -3.874   -15.730  537   -1 1316 1253
 787    -7.178    -0.269   -18.289  517  556 1117   -1
 788    13.844    -3.605    19.297  754 1220   -1  964
 789   -14.681     0.221    16.303  826  810   -1  972
 790    -0.252    -8.220     8.665  972 1210 1260   -1
 791    -9.643    -1.402    -0.356  713  767 1011   -1
 792    14.540     7.724    10.893  253  629   -1  511
 793   -23.027    -6.423     7.624 1091  953   -1 1316
 794    -2.784   -12.185     4.153   -1 1313 1426 1439
 795    -8.110     7.535   -15.492  238  198   -1  898
 796    12.128    13.503    10.969   77   -1  373  258
 797   -16.631    15.232    18.554  244   64   -1  289
 798    20.835    -3.856   -12.373  495   -1 1332 1179
 799    24.488     6.422    -1.569  153   -1  852  622
 800   -15.695    12.608     5.653   -1   87  294  526
 801   -18.161   -15.118     4.721 1374 1328 1473   -1
 802    21.318    -2.624    -7.671  486  988 1251   -1
 803    10.993     0.901    12.176  546  937   -1  845
 804   -18.022    -6.265     2.333  993   -1 1137 1319
 805    -0.882     6.281     6.860   -1  530  663  710
 806   -20.618     4.864     6.257  591  433  620   -1
 807    -7.135    11.582    19.015  338   -1  268  379
 808    17.081    -7.597    17.091   -1 1402 1248 1120
 809   -18.928    -9.895   -19.786  958  896 1443   -1
 810    14.764    -4.770     2.293   -1 1123 1230 1129
 811   -23.901     1.138    -5.695   -1  483  874 1138
 812    -2.244    10.573   -14.861  102  102  670   -1
 813    13.699   -15.952    18.977 1248   -1 1532 1416
 814    -3.722   -13.574     5.984 1182 1380 1468   -1
 815     0.717     0.626    -9.346  499  672 1046   -1
 816    -5.914    -2.016    17.005   -1  983  911 1016
 817    -6.979     9.524     1.224   -1  261  521  643
 818    -4.785     6.324    -4.330  358  384   -1  847
 819    19.681     8.963     5.351  143  546   -1  474
 820     4.550    12.815    -2.025   -1  160  484  467
 821     4.637    12.614   -11.239   -1   89  565  564
 822   -22.389     7.170    -8.060  433  178  642   -1
 823    12.334     2.810    -1.319   -1  734  947  871
 824    21.282     0.709     7.834  469  991 1006   -1
 825    -7.053    12.323    16.669  282  266  252   -1
 826    11.389    -2.789   -19.096  478   -1 1296 1227
 827   -18.062   -13.717   -11.638 1168 1127 1520   -1
 828   -15.516   -10.502    17.322   -1 1268 1216 1358
 829    14.679     2.315    -7.539  339  716 1032   -1
 830     9.631   -13.527     3.088   -1 1446 1526 1446
 831     4.814     5.929    -1.584  309  515  770   -1
 832   -25.047   -11.057     0.894 1244 1069 1329   -1
 833     1.323    -0.714     6.746  645  888   -1 1013
 834    -5.026    15.219    11.807   -1   92  197  284
 835     4.420     5.071    -1.506  360   -1  814  824
 836    22.387    -1.681   -11.936  417   -1 1246 1088
 837   -23.419     9.650     1.976  421  133  420   -1
 838   -13.203    11.732    16.527   -1  243  242  438
 839     7.293   -11.435     5.444   -1 1370 1430 1373
 840     0.010    -3.304     3.308  738   -1 1103 1131
 841    -4.836     2.458    -0.731   -1  614  875  974
 842     3.154    -4.712     7.877  804 1080 1129   -1
 843    -1.476     5.714    12.997  481   -1  629  682
 844   -20.791     7.149    10.989  542  361   -1  749
 845    12.598     4.784     7.105  369  724   -1  696
 846    23.698    15.173    10.687   -1  314  368  120
 847    -4.114     3.098    15.843  603  752   -1  792
 848    12.882    12.643    15.133   -1  399  375  242
 849     0.734    11.528     4.945   -1  253  454  480
 850    11.863    18.069    13.276   -1   96  150   54
 851    15.477     2.121    19.767  531  990   -1  686
 852    19.729     2.218    -6.168   -1  773 1049  899
 853    -6.091    -1.390    -8.595   -1  712 1088 1172
 854   -11.435     0.616    13.477  748   -1  790  966
 855   -26.159    -5.096     1.752   -1  835 1066 1312
 856   -18.899     6.046     8.197  551  403  542   -1
 857    -2.903     6.132     6.228  426  516   -1  742
 858    -3.947     4.896     9.755   -1  603  680  763
 859   -12.323    -9.541   -17.380   -1  946 1431 1500
 860   -19.021     4.432    18.113  698  574   -1  812
 861    13.473    12.144     0.446   50   -1  534  409
 862    14.017    -4.508   -13.066  547  962   -1 1237
 863     9.544    15.504    17.008   -1  237  221  131
 864   -21.885    -1.599     4.221  857  726  918   -1
 865     2.414     9.180    -6.019  180  280   -1  674
 866    -3.517   -11.748   -10.254  983 1160 1502   -1
 867    -4.489    -4.479    13.678  903   -1 1043 1126
 868   -15.843    -0.510     4.850  762   -1  896 1095
 869   -17.311     3.019     9.641   -1  582  688  924
 870     9.672     7.074    13.045  337  642  632   -1
 871    21.150    -1.171     3.496  508 1038   -1  945
 872   -19.232   -12.497    -3.005 1197 1142 1421   -1
 873   -16.219     2.832    20.035  751   -1  607  836
 874   -17.212     9.130   -11.073  284   -1  610  846
 875     0.985    -1.893   -10.877  560   -1 1152 1181
 876     6.028     5.088    -0.567   -1  569  810  804
 877   -24.173    -6.932    -6.231 1003  846   -1 1400
 878    13.679   -16.129     8.517 1150 1613   -1 1486
 879   -15.695   -16.076    15.159   -1 1465 1452 1539
 880    19.342     6.430    -0.827  192  616   -1  648
 881     2.227     6.951     2.292  316  480   -1  699
 882    -3.512     8.057     7.815  368  431   -1  621
 883     6.907     8.131    15.487  342  586  523   -1
 884     4.147    11.841   -11.075   -1  122  609  595
 885    12.428    -0.682    17.131   -1 1061  944  862
 886     3.627     8.745     2.669  234   -1  613  606
 887     8.820    -5.064    14.784  828   -1 1120 1081
 888     0.597     1.688    14.238  601   -1  800  852
 889    -8.200    -6.840    14.825 1031   -1 1115 1223
 890   -10.679    -7.566     5.790 1009 1074 1208   -1
 891    19.789    -5.025    -5.033  578 1103 1322   -1
 892    16.886    19.735     5.519   -1    7  192   28
 893    14.305    12.522   -10.401   -1  175  627  503
 894   -13.377   -12.449    -9.864 1096 1122 1490   -1
 895    14.428    15.270    13.243   -1  252  284  146
 896    14.330    -5.970    -4.399  664 1104   -1 1231
 897    -8.507    16.818    16.259  120   42   64   -1
 898    15.688    -6.295    -0.979  691 1154   -1 1209
 899     8.420    -5.210   -11.283   -1  970 1326 1276
 900   -17.506     9.648    -0.123   -1  164  483  714
 901   -18.014     8.892     2.848  416  216   -1  732
 902   -22.500    13.927     7.900   -1   16  182  484
 903   -14.956    17.085    19.732  167   20   -1  187
 904    -2.597    15.759     2.616   -1   30  272  330
 905   -15.523    10.052    -3.388   -1  130  503  719
 906   -18.271   -10.060    16.661 1276   -1 1198 1353
 907     5.503   -14.595     6.967 1149 1492   -1 1467
 908    11.586     8.842    -0.682  159  425  686   -1
 909     8.458    -8.838    16.267  986 1371   -1 1213
 910    -6.602     5.194    -2.722   -1  452  756  884
 911    -1.652    14.391    13.541   -1  181  229  285
 912    11.599   -16.092     5.688 1141 1576   -1 1502
 913   -24.155    -5.281     1.057  996  845 1080   -1
 914     2.000     3.186    -0.945  448  633   -1  906
 915    13.954    -9.953    -8.001  793 1232 1487   -1
 916   -17.047     7.276   -11.998  362  176   -1  921
 917    23.173     6.904     2.426  174  662  787   -1
 918    14.998     0.924     0.894   -1  860 1026  914
 919    23.881    -9.847   -10.277  688 1284   -1 1357
 920   -22.837     8.790     2.242  447   -1  464  774
 921    -8.836    -0.284    -1.688  644  705   -1 1094
 922    -7.385    -1.420    -6.727  638  722   -1 1168
 923   -15.530     0.330     1.851   -1  656  895 1082
 924   -15.651    -2.898    15.632   -1  928  913 1103
 925    -9.120    -6.017     9.956  971 1065   -1 1226
 926    -4.102     7.589     2.477  350  397   -1  708
 927   -18.356    -7.815    -1.724 1021  969 1236   -1
 928    -0.729     4.850     8.432  477  620  712   -1
 929     5.368     9.551    -2.237  165   -1  636  603
 930   -13.243     3.339    17.091   -1  680  628  830
 931    -3.655    -1.961    -0.779  670  838   -1 1125
 932    11.602   -16.739     3.111 1144 1574   -1 1537
 933     7.402    15.699    17.955   72   -1  185  127
 934     9.179   -10.924   -20.067  776   -1 1560 1491
 935   -12.812   -11.532    16.561 1287 1336 1279   -1
 936   -22.167    15.194     7.827  205   -1  128  420
 937     9.172     0.165    -2.795  503  817   -1 1009
 938   -22.611     4.326    -1.719  575  364  705   -1
 939   -15.290    -4.295    12.213  981   -1  993 1180
 940   -14.034    -3.816   -16.076  721  696 1205   -1
 941   -12.418    14.206     5.316   -1   44  258  428
 942    19.959     6.875    -5.991   -1  548  849  683
 943    -2.896    -0.310    -6.086  563  713   -1 1109
 944     6.766   -12.109     2.234 1013 1364 1471   -1
 945     3.732    -7.502    19.814 1000 1318 1166   -1
 946     0.970   -14.916    19.156 1316 1572   -1 1429
 947    -4.195    12.620    -2.992  124   94  450   -1
 948   -20.902    -0.733    -9.240  703  558 1001   -1
 949    -2.551     8.950    -4.047  226   -1  630  704
 950    13.233     0.524   -15.949  366  702 1153   -1
 951     6.077   -11.859    -6.690   -1 1269 1511 1456
 952     1.966    -8.477     8.778  970 1230 1283   -1
 953    -4.938    10.302     5.683  263   -1  470  559
 954   -12.346    16.428    14.106   -1   22   77  248
 955    19.967   -11.173     2.444  879 1430   -1 1339
 956   -14.509    -0.458    -4.202  676  639   -1 1144
 957   -17.930    18.214     9.075   84   -1   26  256
 958    12.095    -9.575    10.216  936 1379 1357   -1
 959   -13.136    11.787   -14.527  135    0  543   -1
 960    26.981     2.633     2.590   -1  897  994  755
 961    -7.045     0.941    -0.793  584  675   -1 1042
 962   -11.636   -14.519     5.643 1305 1358   -1 1529
 963    15.321    13.093     7.290   52   -1  436  295
 964   -19.592    -5.905   -19.427  818  717 1299   -1
 965    10.952    -3.017    15.087   -1 1140 1051  987
 966    15.291   -13.828    12.920 1094   -1 1500 1380
 967    21.385     0.537   -13.538  314  794   -1 1028
 968    11.135   -12.477     2.348   -1 1423 1498 1408
 969    16.758    11.966    14.507   -1  466  429  265
 970    15.643    14.430    -1.802   -1  166  474  328
 971    16.116    -2.409     5.608   -1 1058 1116 1021
 972    -5.846   -16.193    10.607 1362 1507 1512   -1
 973   -16.333   -14.721    10.579 1383 1378 1428   -1
 974    -5.523     9.089     8.822  347   -1  489  593
 975    23.229     0.077    -9.711  354  867   -1 1000
 976    26.751     0.385    -7.288  330   -1 1145  946
 977   -22.000    12.232     8.615  348   81  249   -1
 978     1.260     8.899    12.100   -1  474  501  530
 979    17.588    10.054     0.322   -1  426  653  494
 980    10.227    -7.452     4.011   -1 1209 1314 1249
 981   -12.085   -13.284    15.066 1333 1393 1365   -1
 982    18.448    -5.485   -11.421  564 1054   -1 1242
 983    16.094    16.338    -8.123   -1   38  449  300
 984    17.142    10.094     2.048  103  443   -1  471
 985   -16.773   -12.074    18.950 1365 1349   -1 1397
 986     8.641   -15.733    -1.033 1114 1484   -1 1533
 987   -20.667    14.647     8.605   -1    9  147  425
 988    12.093     1.862     0.398  442  800   -1  895
 989     9.430    -0.673    12.425  621   -1  960  919
 990     8.464    -5.230     0.921  727 1073 1232   -1
 991    21.032     7.704   -10.881   88   -1  859  685
 992   -17.902    14.841    -5.816  114   -1  297  547
 993   -19.881   -11.544    14.191   -1 1252 1272 1418
 994    20.442     2.447    -1.899  327  812   -1  854
 995   -21.902   -12.464     5.915 1310   -1 1355 1501
 996   -14.554     7.449    17.999   -1  464  412  620
 997    15.345     4.491     4.395  340   -1  840  717
 998    10.695    13.209    15.702  125  356  330   -1
 999   -11.758    11.832   -12.360  137   -1  525  695
1000    23.931     2.137   -16.768  209   -1 1136  971
1001    19.459    -3.458     7.229  605 1145 1174   -1
1002    12.470     6.436     3.163  264  601  750   -1
1003   -19.140    -6.646    13.758 1113 1052 1069   -1
1004   -11.691    11.847    17.960  356   -1  239  406
1005     1.781     6.346    -5.212  286  436  771   -1
1006    10.624     5.923   -15.226   -1  424  928  869
1007     4.983    11.182   -17.143   39  104  702   -1
1008   -10.758     0.473   -18.028  514  503   -1 1196
1009    18.966   -15.136     7.775 1066 1608   -1 1435
1010    -6.713    -6.428     2.353   -1 1039 1206 1281
1011    17.201     5.048    -7.508   -1  597  927  815
1012     3.831    -7.686    16.496   -1 1296 1194 1195
1013   -10.497   -14.346     5.159 1281 1360 1466   -1
1014   -22.529   -10.029    -5.559 1109 1003 1347   -1
1015   -17.703    11.932    -6.457  203   -1  432  672
1016    11.924     7.924   -17.105   93   -1  862  794
1017    25.898    -0.795    -2.113  423 1001   -1  960
1018     8.471   -11.696     6.662 1015 1405 1437   -1
1019    -3.715    12.556    14.036  217  254  285   -1
1020     0.997    13.617   -16.040    3    4  549   -1
1021    10.913   -16.129    13.594   -1 1639 1551 1460
1022    22.387    13.535    -9.600   -1  188  625  390
1023   -11.249    -2.176    -2.888  735  772 1056   -1
1024     1.819    12.224    16.757   -1  333  312  321
1025   -14.540   -11.504    14.135 1278 1287   -1 1398
1026     6.237   -15.186     8.598   -1 1536 1538 1478
1027    20.589     4.473    -5.075  220  685  949   -1
1028    17.740    15.435     6.991   -1  207  356  180
1029    -9.519     1.444     0.950  597   -1  879 1019
1030   -21.546    12.027    -0.519  281   -1  348  632
1031   -14.218    -9.779   -11.487  988   -1 1398 1481
1032     3.884   -15.412    14.408 1273 1570 1503   -1
1033    12.679   -15.244     3.449 1095 1538   -1 1488
1034   -14.795     3.926    12.931  639  599   -1  841
1035     1.033    -1.382    17.106   -1 1016  915  950
1036    -0.342     1.202    -3.309  522   -1  967 1018
1037     0.412   -16.000    16.909 1350 1590 1494   -1
1038    17.213    16.339     5.933   -1  158  325  157
1039    -4.587    -4.093    -7.206  723  854   -1 1262
1040     2.814    14.845     3.225   -1   91  338  332
1041    18.245     1.179    13.765   -1  998  922  776
1042   -18.730    11.048    -7.462  230   45   -1  730
1043    -0.197    -2.785    -8.509  613  826 1179   -1
1044     8.729    11.843   -16.989   -1  108  692  612
1045   -15.443    15.275     4.850  145   -1  196  407
1046     2.843    13.136   -13.412   -1   46  552  574
1047    18.428    10.119   -10.388   -1  323  739  589
1048    15.474    10.903    -1.101   71  350   -1  477
1049    -0.047     3.981   -11.505  361  475  926   -1
1050    -9.419    12.076   -10.153  134   -1  506  651
1051   -22.631    16.181     1.159  139   -1  143  448
1052    14.001     0.261    -2.467  468  852   -1  978
1053   -21.309    -5.002    12.763   -1  957  988 1225
1054   -22.825     7.357     8.776  535  315   -1  778
1055     1.487   -11.361   -10.444  932 1171   -1 1476
1056    -5.636    14.189     1.865  106   56   -1  429
1057    20.282     4.759    13.641   -1  849  775  580
1058    13.635    13.843    10.889   56  299   -1  232
1059    15.003    12.554    -5.379   -1  225  585  439
1060   -23.199   -13.282    -5.248 1257 1125 1454   -1
1061   -18.441    14.430    19.902  306   -1   68  323
1062    17.200     3.457    -1.181  323  740   -1  820
1063     9.905   -15.543     5.624 1137 1546   -1 1493
1064   -10.210   -15.973    10.527 1384 1462 1493   -1
1065    -9.677   -10.533    -6.343 1017 1098 1403   -1
1066     4.856   -13.863    -2.856 1046 1381   -1 1498
1067    18.654     9.775   -20.003   10  245   -1  689
1068     2.145     7.732     9.542  355   -1  596  591
1069    13.740   -15.468     0.756 1064 1529   -1 1507
1070    -4.032     8.698    14.478   -1  462  456  552
1071    15.312    -0.271    12.056  559 1035  974   -1
1072   -23.360    13.909     8.596   -1   19  166  483
1073    15.391    18.299    16.273   -1  144  131    2
1074     7.122    17.505    13.347    8   88   -1  100
1075   -23.506   -12.779     5.225 1336 1191   -1 1518
1076    -5.513    14.540    -2.771   69   18   -1  450
1077    -4.116    16.793     5.852   40    3  188   -1
1078    -3.446   -10.695   -11.543  934 1106 1469   -1
1079   -19.750    13.118     1.360  227   -1  287  561
1080   -18.961    12.388    -4.548  211   -1  388  636
1081   -24.532     1.590     2.268   -1  532  773 1062
1082    20.119    11.228    -9.485   12  278   -1  527
1083    17.612     5.071    -3.223  228  648  900   -1
1084   -14.624    -5.970   -19.876   -1  753 1330 1411
1085     5.160    -8.722     0.424   -1 1196 1359 1326
1086   -22.819    -5.114    -5.692  929   -1 1127 1343
1087    12.545    15.949    15.509   35   -1  234  106
1088     7.752     6.499    -4.807   -1  472  792  766
1089    15.287    15.295    -0.269   -1  128  413  279
1090     1.249    18.103    17.593   -1   57   54   69
1091    -6.572   -10.405     7.811 1106 1240   -1 1377
1092    20.023    12.193    13.276   -1  477  459  237
1093   -12.705    -8.948   -16.722  900  922 1408   -1
1094    11.652     9.472     3.473  157  447   -1  523
1095     2.944     5.977    18.464   -1  691  586  588
1096   -25.426    16.189     3.335  173   -1  108  444
1097    10.243     5.237   -17.656   -1  430  966  922
1098     0.497   -11.737    18.640   -1 1452 1338 1327
1099    -8.700    14.457     6.886   -1   62  251  380
1100   -23.179    18.977     3.237   66   -1   15  304
1101    -1.015     1.954   -13.066  440  543 1016   -1
1102   -15.438    11.357   -14.542  155   -1  541  770
1103   -11.567     1.955    16.605  724  760  706   -1
1104    -0.036    -7.555   -10.659  790 1020 1372   -1
1105    16.709    -9.210    -5.822  756 1250   -1 1332
1106   -11.056    -3.943    -5.991   -1  820 1140 1272
1107    -2.160    16.653    15.630   81   -1  110  169
1108    14.564    12.731     6.765   65  321   -1  322
1109    -6.459    15.365    19.038  171  145   -1  211
1110    -1.163     9.301    -8.419   -1  228  667  716
1111   -21.247    14.930     1.947  183   -1  205  488
1112    17.471     9.059   -16.720   -1  295  838  702
1113    -3.158     6.287    -3.696  353  408   -1  829
1114     1.120    15.349    -5.950    9   -1  392  400
1115     4.202    10.619     7.237  190   -1  494  475
1116   -19.644    11.416    -3.075  259   52   -1  679
1117   -24.746   -10.649    -2.808 1175 1041 1342   -1
1118     7.507     8.515     4.183  218   -1  633  585
1119   -19.401    -7.913    16.931 1191 1135   -1 1283
1120    16.707    -3.567     4.658  616 1099   -1 1061
1121   -25.844    -7.041    -0.050 1070   -1 1157 1383
1122    -7.618     9.821    -6.234  206  182  595   -1
1123     3.345    -8.545    18.635   -1 1354 1212 1206
1124   -21.655    -8.406     1.085 1102  992 1227   -1
1125    17.223     9.232     7.066  158  536   -1  458
1126   -22.322    18.067     4.160   86   -1   50  334
1127    -9.606   -15.675     3.266 1303 1398 1536   -1
1128   -14.445    -8.662   -19.735  881   -1 1412 1490
1129    22.426   -11.801     0.534  869   -1 1523   -1
1130    10.761   -14.986    18.981 1233 1645   -1   -1
1131    24.896   -11.263     7.975   -1 1517 1474   -1
1132   -19.134    -4.490    -7.034  861   -1   -1 1318
1133    24.622   -12.493     3.116  894 1518   -1   -1
1134     3.497   -16.486    18.562   -1 1644   -1 1472
1135    -1.009   -17.363    15.575   -1 1618 1542   -1
1136    23.526    -6.112    -1.940   -1 1205   -1 1174
1137    26.226   -11.672    13.306   -1 1582   -1 1265
1138   -17.443   -18.915    18.929   -1 1587 1522   -1
1139    19.645   -14.109     8.276 1027   -1 1544   -1
1140    21.695    -4.743    18.525   -1 1335   -1  977
1141    -4.697   -15.218    18.348 1371   -1   -1 1459
1142    -9.531   -11.824    18.498   -1 1383   -1 1370
1143     0.684    -7.534    -6.189  822   -1 1348   -1
1144    25.995   -11.442     3.146   -1 1485 1509   -1
1145    19.539   -13.314    16.644   -1   -1 1477 1321
1146    19.131   -18.201    14.492 1250   -1   -1 1494
1147     5.847   -15.473     4.861 1169   -1 1558   -1
1148   -15.059   -10.623   -16.843   -1   -1 1457 1536
1149    26.698     3.893     9.555   -1  907   -1  615
1150   -16.857   -19.556    17.318   -1 1595 1553   -1
1151    15.967   -18.244    14.043 1274   -1   -1 1512
1152    13.801   -14.720    11.648 1128 1588   -1   -1
1153    16.775   -12.998     0.467   -1 1453   -1 1417
1154    21.143    19.062     9.452   -1   -1  204    1
1155    -4.926    -0.707    13.571  749   -1  892   -1
1156    27.389    -8.640    18.139   -1 1524   -1 1110
1157   -18.362   -20.023    17.172   -1 1603 1559   -1
1158   -18.682   -18.915    18.771   -1 1581 1514   -1
1159     2.715    19.316    17.787   -1   -1   12   16
1160    26.923   -11.840    17.426   -1 1628   -1 1243
1161    16.351    -9.127    18.104  949   -1   -1 1173
1162   -12.884   -18.771    20.062   -1 1623 1530   -1
1163    23.746   -13.518     4.136   -1 1553 1557   -1
1164    -0.469   -11.698    10.966   -1 1372   -1 1378
1165     6.091   -16.244    15.733   -1 1626 1537   -1
1166    12.373   -18.717    17.116 1354   -1   -1 1520
1167   -10.907   -16.620    19.734   -1 1561   -1 1519
1168     6.709    -7.779    12.264  928 1281 1244 1208
1169   -20.836    -4.615     9.423 1012  913   -1 1228
1170   -20.810    -4.572     9.456   -1  913   -1 1228
1171    16.207     9.464    15.347  202  596  524  369
1172    14.603    15.874    13.172   15  226  267  124
1173    -7.458   -15.584    11.229 1355 1474   -1 1521
1174    20.654     7.230    15.743  260  757  658  440
1175    12.617     8.029    10.631  256  589   -1  508
1176    22.154    14.158     9.910   11  344  408   -1
1177    10.535    15.099    17.803   70  273  235  134
1178    17.085    -7.808    14.690   -1 1386   -1 1149
1179    11.207    -3.285     9.609   -1 1094   -1 1045
1180    11.226    -3.297     9.649   -1 1094 1104 1045
1181    12.618    15.007    13.695   43  256  283  164
1182    18.510    -4.285    15.729  725 1257 1122  993
1183    15.657     9.027     9.485  189  554  608  457
1184    18.352    -6.141    14.797   -1 1333   -1 1077
1185   -13.237    -9.728     9.899 1143 1186   -1   -1
1186    15.499    11.521    11.396  122  449  478  320
1187    11.928     8.163    13.455   -1  609  592  482
1188     1.991    -1.556    17.336  755 1030  930  951
1189     9.444    -7.352    15.531   -1 1314   -1 1156
1190   -18.745   -10.158    18.867 1304 1246 1184 1348
1191    10.786   -14.721    17.831   -1 1622   -1 1395
1192    21.211    10.224     5.928   98  508  618  392
1193    22.051     9.377     6.041  123  559  659  431
1194    17.449     7.394    10.121  236  663  683  521
1195    11.918    -0.940     4.123   -1  952 1062  984
1196     0.093    13.853    18.937  185  263  218  235
1197    17.387     9.496    19.514  223  647  500  318
1198   -24.222    -5.487     4.083 1025  880 1071 1306
1199    11.732    -9.140    11.618   -1 1369   -1 1248
1200     3.233    -5.110    14.454   -1 1157   -1 1113
1201     3.240    -5.089    14.482   -1 1157 1100 1113
1202    13.959    10.721    16.852   -1  529   -1  312
1203    23.594     2.062     4.629  380  914  983  786
1204   -25.866    -0.209     1.209  812  591  857 1145
1205     8.772    -5.612    16.633  868 1244 1123 1087
1206     4.002    11.753    19.380   -1  412  323  301
1207   -14.200    -3.459     0.036   -1  831 1069   -1
1208     5.220   -15.408    10.517 1223   -1 1533 1475
1209    17.422    -8.991    17.591   -1 1456 1310 1167
1210    19.888     5.106    17.139  379  863  732  540
1211    13.361    -9.432    10.200   -1 1382   -1 1261
1212   -20.945    -2.066   -13.168   -1  577 1085   -1
1213    11.862     6.332    19.445  408  763  615  500
1214   -16.818     7.108     6.693   -1  357   -1  767
1215    21.579     8.759    11.395  175  638  638  405
1216   -23.932     4.344     4.536   -1  418   -1  937
1217   -17.633     1.102    10.358   -1  687   -1  997
1218    18.659    13.970    16.488   57   -1  337   -1
1219     8.276    13.245    12.593  115  298  345  282
1220   -16.491    -4.015     4.956  912   -1   -1 1219
1221   -16.394    -4.018     5.119   -1   -1 1041 1219
1222     8.654    12.736    16.343  150  365  335  262
1223    18.516    -8.015    11.742   -1 1375 1320 1169
1224     7.773    13.123    11.810  117  290  355  294
1225    12.817    -8.572    16.994   -1 1406   -1 1182
1226     1.786     7.140    12.389   -1  562   -1  597
1227   -21.424    -3.246     2.384  904  788 1010 1232
1228   -19.685    -7.494     6.750 1099 1026   -1 1333
1229    18.937     6.712    11.196  266  721  715  531
1230    19.814     9.573     1.691   -1  488   -1  485
1231   -12.067    -9.824     9.069   -1 1195   -1 1368
1232   -24.460    -2.582    -1.814   -1  693  998 1250
1233     6.911     0.620     6.322   -1   -1  953  926
1234     9.440    12.941    18.817  151  390  304  219
1235   -23.830    -2.998     3.243  920  765   -1   -1
1236    10.251    11.838    11.404  141  381  428  338
1237    -4.357   -12.707    -6.655 1049 1223 1506 1517
1238     7.534    11.373    15.893  198  427  393  332
1239   -25.893     3.952     0.795  635  388  682  996
1240     9.864     5.720    13.153  399  711  691  605
1241    11.289     6.687    11.251   -1  658  674  573
1242    10.983   -10.959    14.448   -1 1459   -1 1291
1243   -21.771    -5.138     3.568  989  875 1075 1282
1244    12.738    -4.321     7.672   -1 1136 1173 1090
1245     8.315    -9.862    17.302   -1 1431 1305 1252
1246     3.857    13.316    17.349  162  307  276  252
1247   -20.077    -8.603     9.805 1165 1086   -1 1352
1248   -20.849     3.292     8.352   -1  533   -1  934
1249    14.068     6.699     9.481  294  664  703  571
1250   -23.712     3.731    -0.895  602  398  724 1008
1251    22.733    -6.293     7.358   -1 1294   -1 1119
1252    12.480     6.989    13.808  325  678  646  532
1253    11.554    -7.245    15.536   -1 1332 1219 1143
1254    18.801     7.117    14.629  276  735  665  472
1255     8.986     8.944    12.862  261  538   -1  466
1256    -1.794     7.919    15.625   -1  525  495  555
1257    -1.794     7.919    15.625   -1  525  495  555
1258     9.833    -9.307    15.961   -1 1403 1300 1229
1259    -0.094    -6.644    19.236   -1 1242   -1 1148
1260   -14.954    -9.321    12.679   -1 1182   -1 1343
1261   -18.689    -7.298     7.047 1082 1028   -1 1320
1262   -23.357    -3.545    -0.147  909  766 1029 1264
1263     5.318    17.219     9.180   -1   59  198   -1
1264   -10.279     4.179    10.523   -1  593  671  834
1265     8.275    17.240    12.238    2   99  181  116
1266   -18.030    -8.361     0.662 1054 1021 1247 1387
1267    22.044    10.400     9.791  108  541  573  348
1268     5.465     9.352    14.868   -1  509  485  452
1269   -24.027    -9.312     2.462 1163 1033 1243 1427
1270     4.570     1.388    15.202   -1   -1  825  832
1271     7.849   -10.266    19.254   -1 1451   -1 1256
1272    18.310     1.838     8.092   -1  915  940  799
1273    -6.936     2.945     5.896   -1  636   -1  903
1274     3.389    11.188    12.408   -1  363  407  394
1275   -17.370   -13.248     6.970   -1 1273   -1 1503
1276     3.133     3.935    14.242   -1  755  725  725
1277     3.110     3.958    14.204   -1  755   -1  725
1278     3.745     5.144     0.729  378   -1  782   -1
1279    21.916    11.319     6.014   62  457   -1  344
1280     1.665    11.200    11.765   -1  342   -1  412
1281   -14.964     2.386     6.994   -1  612  748  961
1282   -13.402     1.325     3.593   -1  640  833   -1
1283   -13.402     1.325     3.593   -1  640  833   -1
1284     6.644     0.018    13.070   -1  948  920  896
1285     0.489   -13.984     9.100   -1 1450   -1 1453
1286     1.294    -9.171     3.953  959   -1 1343   -1
1287   -20.184    -9.529    10.769   -1 1137   -1 1379
1288     8.594     4.115     8.459   -1  738  783  740
1289    12.987     4.760     7.757  374  731  785  687
1290   -20.813    -1.306     9.454   -1  771   -1 1112
1291   -20.813    -1.306     9.454   -1  771   -1 1112
1292    20.797   -10.417     9.381   -1 1464 1416 1269
1293    10.554    -9.133     7.278   -1 1322   -1 1277
1294    22.592    -5.070     7.833   -1 1247   -1 1067
1295    12.110    13.490    11.038   77  308  373  258
1296    17.065     5.778     8.478   -1   -1  759  604
1297   -16.861    -7.103     9.303   -1   -1 1124 1295
1298     1.235    -1.396     4.777  660  901 1023   -1
1299     9.404    18.220    19.708    6  120   84    5
1300     4.882    15.807    12.627   -1  149  224  185
1301    10.578     1.845    10.319   -1  874  891  827
1302   -12.686    12.359    19.246   -1  238  202   -1
1303     0.883     5.707    11.738   -1  624   -1  681
1304    17.132    -2.620    12.580  642 1144 1078  959
1305    12.861    -1.155     7.438   -1 1004 1042  967
1306     1.287     7.766    13.796  391  540  532  557
1307   -23.207   -12.097     7.808 1321   -1 1331 1482
1308   -10.269     7.647     6.763   -1  383  537  700
1309    23.618    -0.035     7.907   -1 1043 1044  854
1310     2.043     0.706    18.710   -1   -1  812  843
1311   -23.976    -7.211     5.193 1104  965 1132 1349
1312    -2.372     5.036     4.252   -1  552  730  813
1313     1.393     9.088    -9.096  160  246   -1   -1
1314     5.627    -0.086    11.584   -1  935   -1  916
1315     5.627    -0.086    11.584   -1  935   -1  916
1316    -7.769     3.872     4.322   -1  566   -1  886
1317     1.614    10.793     1.902  172   -1  509  543
1318   -10.039    -0.807    14.874  813  876  847 1004
1319   -19.522   -10.567     5.722   -1 1141   -1 1434
1320   -15.158    -3.820     0.888   -1  843 1072 1235
1321    -5.557   -10.088    11.414 1107 1275   -1   -1
1322     9.586     5.982    15.973  415  727  650  567
1323   -21.685    -4.790     5.397  991  878 1047 1263
1324   -17.987    -2.173    15.859   -1   -1  855 1084
1325     4.017    -9.643    15.167   -1 1363 1293 1273
1326    13.204    13.999    15.527   80  330  313  182
1327     5.317    -9.038    15.623   -1 1356   -1 1246
1328   -16.190    -3.970     1.580  884  848 1068 1241
1329     3.300    10.153    11.736   -1  414  469  460
1330     2.511     0.582    15.254   -1  916   -1  878
1331     0.447     6.807    18.215   -1  630   -1  565
1332    -5.350    -0.699     0.138   -1  776  997 1085
1333     2.207    17.250    15.155   -1   74  118  119
1334    15.104    15.953    17.074   27  259  233   79
1335    -0.883     8.142    12.533  382   -1  511   -1
1336    -6.412     2.323    19.338   -1  808   -1  822
1337     0.291    16.944    15.225   -1   75  119  141
1338     6.007    15.947    13.298   47  154  217  168
1339    14.050    16.954    16.894    4  203  184   52
1340   -15.641     5.930    19.020   -1  544   -1  693
1341    13.254   -14.521    15.669   -1 1614 1497 1392
1342     0.426    12.493    11.850   -1  267  343  364
1343    25.891     1.995     2.898   -1  919 1015  793
1344   -17.710   -11.369     4.745   -1 1172   -1 1458
1345    13.133    -4.783    11.798   -1 1199 1159 1069
1346   -11.398    14.888    10.715  169   60  176  341
1347    16.195     4.066     5.326   -1  774   -1  729
1348   -11.873    -9.573    -1.116 1036 1089   -1 1413
1349   -20.106   -10.767     9.725   -1 1176   -1 1420
1350    -6.020     2.812     6.973   -1  665  779  897
1351     3.490    11.909    11.264   -1  318  391  378
1352     3.481    11.925    11.259   -1  318   -1  378
1353     0.662    10.374    12.259   -1  386  430  462
1354     4.714     5.144    -4.706  316   -1  836   -1
1355   -22.313    -8.828     2.078 1124 1022 1235 1409
1356    20.643    11.152     3.796   61  432  598  381
1357   -14.190   -15.039     8.804 1368 1388   -1 1534
1358   -14.432   -12.585     5.257   -1 1256   -1 1483
1359     5.406     1.448    18.213   -1  926   -1  796
1360    -0.060    15.417    13.631   -1  137  201  221
1361    -0.060    15.417    13.631   -1  137  201  221
1362   -16.333    -0.658    -0.571  736  676  946 1134
1363     3.604     6.439     9.622   -1  583   -1  642
1364    24.182     2.776     3.730   -1  881  964  752
1365   -17.788   -11.726    14.545   -1 1277   -1 1415
1366    -6.641    -6.944     6.725   -1 1087   -1 1275
1367     3.521     7.360   -19.462  148  247  865   -1
1368   -11.310    11.187     5.643   -1  190  389  558
1369     9.770    13.116     8.311   -1  276  400  315
1370   -10.750    13.110     9.625   -1   -1  271  428
1371     7.985    -2.631    18.696   -1 1130  992  955
1372   -14.598     4.777    15.256   -1  570   -1  783
1373   -23.096   -13.569     4.825   -1   -1 1393 1538
1374     0.258    10.242    14.081   -1  407   -1  451
1375   -16.318    -3.565     5.949  902   -1 1019   -1
1376    22.625     0.383     3.060   -1  968 1063  885
1377     0.320    11.255    17.634  275  392   -1  363
1378    -3.361     5.476    10.074   -1  572  657  735
1379    15.051    10.279    19.361  207  579  462  297
1380     2.576    14.679    10.622   -1  170   -1  273
1381   -11.317     2.109    15.745   -1  747  706  882
1382    10.656     4.302     7.141  404  730   -1  733
1383    -8.955     9.085     2.886   -1  279   -1  659
1384    -8.927     9.089     2.961   -1  279  513  659
1385     4.195    15.648     9.684   -1  118  245  225
1386   -19.328    -6.403    -3.703  960  890   -1 1361
1387    -4.765    17.729    15.027   -1   25   -1  140
1388   -13.936    -7.180     1.383   -1 1006 1210 1334
1389     4.010    -6.170    -9.683  715   -1   -1 1310
1390    23.193     5.307     0.824  212  723   -1  662
1391    -7.066   -14.906     6.670 1283 1417 1492 1524
1392    15.791    11.996     4.124   65   -1  514   -1
1393    19.306     6.420    -0.812  192  616   -1   -1
1394    -5.635     9.288    16.788   -1  438   -1  501
1395     0.539    -8.134    18.114   -1 1298 1192 1210
1396    10.745     2.834     2.504   -1  758   -1  848
1397    -0.904     6.274     6.920   -1  530  663   -1
1398    24.633    -2.483     4.644   -1 1121   -1  981
1399   -16.815     3.459     8.194   -1  550  688  913
1400    13.008    10.713     2.778   -1  376   -1  463
1401    22.756     5.046     3.257  241  756  864  655
1402    -9.275    -4.408     1.847  847  923   -1 1224
1403    -4.662    14.808    15.576   -1  151  171  261
1404    -4.664    14.821    15.585   -1  151   -1  261
1405    21.580    -7.881     7.373   -1 1355   -1 1187
1406   -10.353     6.240    -0.736   -1   -1  679  842
1407    -9.474     1.449     1.034   -1  641   -1 1019
1408    -9.488     1.443     1.084   -1  641  879   -1
1409    16.649     1.412     3.730   -1  883  984  865
1410    -7.958    16.855    14.140   -1   34   92   -1
1411   -12.567     7.230     5.336   -1  366  554  750
1412    26.410    -1.336    -0.173   -1 1044   -1  969
1413    -5.656    11.943     2.304   -1  165  418   -1
1414     3.579    11.476   -15.107   45  100   -1  656
1415   -25.098    -6.486    -1.527 1023  862 1150 1367
1416   -10.267   -12.187    10.851 1240 1324   -1 1424
1417   -19.550    11.124     1.083   -1   90  385   -1
1418   -24.105    -2.468    -1.849  863   -1  996 1245
1419   -10.499   -12.948     4.505 1207 1291   -1 1487
1420   -20.492     7.184     4.244   -1  291   -1  819
1421   -11.476    -6.034     1.572  923  975   -1   -1
1422   -20.610     9.023     5.755   -1  220   -1  711
1423    -6.809    16.907    15.982   -1   49   -1  176
1424     5.520    -4.769    -1.756  708 1024 1218   -1
1425   -14.644     9.215    -0.839   -1  202   -1  734
1426    12.889     7.465     3.274   -1  547  722  601
1427    12.875     7.477     3.252   -1  547   -1  601
1428    13.116    13.324     1.654   -1  230  477  355
1429   -17.155     9.224   -11.352   -1   -1  610  846
1430   -10.078   -13.760     9.562   -1   -1 1420 1480
1431    -9.735    -1.400    -0.066  713   -1 1011 1126
1432   -11.534    11.237     2.691   -1  156   -1  586
1433    -3.069    16.939     8.533   42   23  159   -1
1434    -6.639     5.184    -2.648   -1  452  756   -1
1435   -25.416    11.209     3.513   -1   66  324   -1
1436    -9.648   -14.008     3.012 1235 1337   -1   -1
1437    -9.725   -13.779     1.846   -1   -1 1476 1522
1438   -23.893    10.569     4.867   -1  112  347  660
1439    15.612     6.536     6.925   -1   -1  734  594
1440    13.003   -13.161    11.303   -1 1531 1479 1375
1441     9.660   -15.192     7.076   -1 1543 1550 1473
1442    16.814   -12.826     5.954   -1 1497 1508 1384
1443   -17.851    -8.712    -3.690 1034  994 1298   -1
1444    -5.943   -13.247    10.990 1245 1397   -1 1443
1445   -14.292    -3.705     1.710  862  850   -1   -1
1446    21.692    14.357     9.023   -1  324  406  177
1447   -14.128   -11.642    11.930   -1 1279   -1 1414
1448   -11.908    -3.161    16.320   -1  984   -1 1092
1449   -21.243    -9.646     6.877   -1   -1 1236 1403
1450     2.635    -2.329    -6.345  593  844 1144   -1
1451    -6.792   -13.390     7.739 1226 1366   -1 1466
1452    -1.059   -16.051    12.872   -1 1547 1515 1509
1453     9.133   -11.545    16.301   -1 1486   -1 1311
1454    -9.648    11.438    14.361   -1  265  298  454
1455   -12.529   -13.820    12.345 1341 1384   -1 1474
1456     4.787    -8.778     9.995   -1 1282   -1 1274
1457     4.420     5.071    -1.506  360   -1  814  824
1458   -22.529     7.170    -7.658  433   -1  642   -1
1459   -22.681    -9.456    -8.067   -1  945   -1 1484
1460    -3.722    -3.040     6.864  787  944   -1 1118
1461   -24.501    -4.214     3.129  976  813 1029 1270
1462     1.746    -6.205    11.637   -1 1167   -1 1177
1463    20.595   -11.504   -12.614  763 1304   -1   -1
1464     1.280     1.266     9.728  586   -1  862  898
1465    -8.498   -14.124    15.213 1342 1445   -1 1454
1466    -9.069   -15.810    11.241 1375   -1   -1 1531
1467     2.052     6.162    18.768  483  686   -1  581
1468   -15.633    15.268    18.979   -1   72   58  277
1469     0.707   -13.044    10.247   -1 1435 1436 1419
1470     2.669    -6.466    10.569   -1 1174   -1 1193
1471    -8.824    10.572    12.413  343  289  362   -1
1472   -14.317    -0.133    -7.037   -1   -1  988 1151
1473    -9.423    -8.541    12.594 1098   -1 1204 1298
1474   -19.490    -2.993     2.960  882  801 1002   -1
1475    13.867   -10.460    -0.516  876 1330 1455   -1
1476   -12.864    12.682     8.612   -1  126  279  473
1477   -16.769    13.488    15.938   -1  119  152  385
1478    21.438    -7.578    12.963   -1 1390 1302 1128
1479    -0.697   -14.451    12.697 1262 1491   -1 1450
1480    26.723    -0.130     4.585   -1 1042 1084  868
1481    -5.944   -12.569     7.190 1176 1343   -1 1444
1482   -11.560     9.937    12.077   -1  300  377  556
1483     0.731   -15.674    16.912   -1 1579 1488 1463
1484     1.490    10.184    16.326   -1  453  403  417
1485    -4.468   -12.451     5.492 1140   -1   -1 1445
1486   -19.217     9.601    11.432   -1  249   -1  611
1487   -17.835    11.075    13.395   -1  211  277  533
1488    23.698    15.173    10.687   -1  314  368  120
1489    -6.827     8.535     0.766   -1   -1  580  695
1490     5.572   -14.590     7.142   -1 1492   -1 1467
1491    -0.267    -6.660    15.143   -1 1207   -1 1178
1492    20.247     3.779    10.019  375   -1  846  663
1493    -2.667   -12.233    13.941   -1 1410   -1 1386
1494   -14.469   -13.133    -2.709 1184   -1   -1 1535
1495    20.157     7.112    13.959  257  746   -1  470
1496    23.526    -6.112    -1.940   -1 1205   -1 1174
1497     7.880    -6.767   -11.420  687 1036   -1   -1
1498    16.206     1.927    -5.678   -1  768   -1  925
1499   -16.324    11.785    13.595   -1  192   -1  488
1500    23.415     5.598     8.953   -1  796  795  570
1501    -6.228    11.436     8.172   -1  233  380  495
1502     3.053   -17.432    14.142   -1 1636 1561 1530
1503    -5.179   -14.367     9.132 1268 1437   -1 1489
1504     9.479     6.168    17.668  422  732  626  549
1505    -3.687    12.736     5.446   -1  173  364  445
1506   -13.964     6.194    10.578   -1  465  544  756
1507    11.265    -6.800     4.949   -1 1204 1281 1207
1508    -9.560    11.058     3.532   -1  189   -1  575
1509    13.858   -14.322    10.253   -1   -1 1525 1412
1510   -20.218     9.292     8.484  456  232   -1   -1
1511    -4.842    -2.473     5.552  758  909   -1 1111
1512    -8.824    11.667     8.801   -1  208  351  493
1513    25.742    12.513     5.728   -1  421  535  274
1514    16.140     5.008   -11.724  194   -1  958  849
1515   -17.524     8.875    19.349   -1  377  321  568
1516    18.627    -5.078    16.673   -1 1299 1151 1025
1517     8.795   -11.751     7.953   -1 1424 1433 1365
1518     8.967    -3.176    10.397   -1 1078 1082 1046
1519    -5.989   -15.194    16.866 1373 1521   -1 1471
1520    -2.308   -15.818     9.068 1297 1504   -1 1523
1521    18.809    -1.586    19.898   -1 1178  989  839
1522    -9.165     9.284    11.533   -1  354  426  576
1523   -12.272     5.816     8.362   -1  476   -1  788
1524   -12.422    -1.874    12.467   -1  891   -1 1070
1525   -18.114     4.236     1.697   -1  446   -1  935
1526     7.251    -0.301     8.259   -1  925  973  943
1527    -0.196   -12.942     8.858   -1 1411   -1 1425
1528    -2.649   -15.143    17.993   -1 1548   -1 1451
1529   -14.591     0.246    16.444   -1  810  762  972
1530     2.848   -16.897    14.413   -1 1616 1546 1513
1531   -11.709     0.175    12.208   -1  803   -1  991
1532   -10.606     5.315    -8.880   -1  341  786   -1
1533    21.586     8.461    16.675   -1  709  602  367
1534     8.171    -5.664    11.722   -1 1198   -1 1124
1535    22.046    -0.816    -7.485   -1  917   -1 1030
1536    26.545    -1.791     3.341   -1 1090 1160  948
1537   -11.842    -2.945     6.585  850  886   -1 1150
1538    -8.334   -16.168    13.937   -1   -1 1489 1529
1539     2.901    14.668    -4.983   18   -1   -1  416
1540    -6.188    -7.506    16.003   -1 1203   -1 1233
1541   -16.195     1.552    17.807  794   -1  687  909
1542   -20.000    -3.777    -4.381  861  760   -1   -1
1543     5.285    -9.013     6.329   -1 1264 1338 1297
1544   -16.839    -0.441   -19.548  575  484 1083   -1
1545    17.758   -12.000    -0.916  896   -1 1521 1390
1546     4.077    18.958    15.021   -1   31   63   47
1547   -18.611    -5.807    17.147 1105 1050 1007   -1
1548     6.102    -1.278     7.340   -1  947 1021 1003
1549   -17.781    -4.293    -0.470   -1  837   -1 1271
1550     0.563    -2.970     1.730   -1  931 1103   -1
1551    13.185    14.145    14.372   68   -1  316  191
1552    20.505     3.553    -2.249  283  754   -1  811
1553    12.165    -7.445     6.595   -1 1254 1303 1214
1554   -19.783   -11.888    13.032 1332 1258 1289   -1
1555    -5.873     1.658     5.901  598  705   -1   -1
1556    -4.499    -8.164    -2.240   -1   -1 1327 1356
1557    17.614     4.860    -4.007  232  646   -1   -1
1558   -13.820    -6.377   -16.030   -1   -1 1317 1402
1559   -14.559    10.680   -12.273   -1   47   -1  770
1560   -17.567   -13.381    15.160   -1   -1 1350 1461
1561    -7.021   -10.712    15.411 1182   -1   -1 1342
1562   -10.865   -14.842     9.018 1334   -1 1464   -1
1563    12.388    -3.689     5.074   -1 1077 1163 1083
1564    -7.507    -9.609     6.868   -1 1197 1304 1360
1565    13.060    11.274    19.553  191  520  395  266
1566    -3.865    10.185     8.343   -1  320  455  538
1567     8.921   -14.164     8.207 1120 1512   -1 1440
1568    -4.180     8.991     9.152  344  387   -1  583
1569     9.631   -13.527     3.088   -1 1446 1526 1446
1570   -22.998   -14.252     4.981 1381 1258   -1   -1
1571   -17.287    -0.505    -1.091   -1  657  938 1137
1572    19.824    -5.035    -4.977  578 1103   -1   -1
1573    22.313     7.652    -7.806   -1  512  843  646
1574    12.715    16.791    13.773   -1   -1  214   95
1575   -19.142    -0.230     3.428  775  673  883 1105
1576    -8.291    -5.566    11.774   -1 1065   -1 1201
1577    19.323    16.086    13.322   -1  251  278   85
1578   -25.798     0.716    -0.796   -1  532   -1 1122
1579    10.318     2.802   -13.747  305   -1 1037   -1
1580    13.374   -10.033    19.167 1011   -1 1323   -1
1581    24.244     5.266     9.981   -1  825  805  569
1582    18.404     6.116     5.065  245   -1   -1  607
1583   -14.833    -5.041    19.020 1052 1060  972   -1
1584   -20.209   -10.260     1.599   -1   -1 1315 1449
1585   -16.669    15.248    18.447   -1   64   -1  289
1586    16.900    17.661    15.874   -1  183  175   13
1587    -6.075   -14.480    14.843   -1 1474   -1 1459
1588    22.453    16.932    14.196   -1  241  255   25
1589     4.455    -2.704     5.837   -1  989   -1 1076
1590     8.311    17.610     9.851   -1   63  189  118
1591     6.541   -13.815     1.837   -1 1434 1534 1469
1592     0.898    12.697     7.600  146  224   -1   -1
1593     3.931     5.475     0.332   -1  543  770   -1
1594    -7.242   -14.169    -9.026 1116   -1 1553   -1
1595   -15.999    -8.655    17.117 1192   -1 1130 1304
1596     3.800     4.692     2.642   -1  608  784   -1
1597    -7.867   -10.448     0.123   -1 1165 1375 1422
1598    -2.784   -12.185     4.153   -1 1313 1426 1439
1599   -18.578   -16.404    -2.961 1361 1307 1555   -1
1600    13.669     4.200    19.805  475   -1  719   -1
1601    20.511    17.335    10.193   -1  174  265   60
1602     9.905   -15.543     5.624 1137 1546   -1 1493
1603   -20.852    -7.162     4.985   -1   -1 1148 1338
1604     4.196     4.671     6.107   -1  645   -1  760
1605   -15.695    12.608     5.653   -1   87  294  526
1606    20.631    12.876    11.442   -1  420   -1  228
1607    -9.467    -5.004   -15.232  732  799 1272   -1
1608     1.334    -9.278     5.509  975 1236 1339 1325
1609    -5.026    15.219    11.807   -1   92  197  284
1610    23.853    -9.814   -10.344  688   -1   -1 1357
1611    17.311   -14.584    17.040   -1   -1 1505 1371
1612   -13.609    13.573    12.222  239  109   -1  396
1613   -24.136   -13.572     4.721 1367 1215 1390   -1
1614    18.855    12.515     1.474   -1  319  536  358
1615    13.658   -16.166     8.492   -1 1613   -1 1486
1616    17.018    -7.586    17.099   -1   -1 1248 1120
1617    19.888     6.826    -6.014   -1  548  849   -1
1618    22.404    -1.621   -12.125   -1   -1 1246 1088
1619    -4.061     2.795     1.825   -1  631  839  929
1620    13.475     4.535     7.004   -1   -1  806  701
1621   -20.027    -9.771   -12.862   -1  938   -1 1511
1622    16.617    16.210    19.820   26  283  204   -1
1623   -12.483   -13.454     9.099 1293   -1   -1 1485
1624     0.240    10.695    -4.441  144  206  570  600
1625    25.968    -0.781    -1.917   -1 1001   -1  960
1626     0.558    11.831    18.547  246   -1   -1  333
1627    10.952    -3.017    15.087   -1 1140 1051  987
1628    -1.332   -10.042    15.945 1115 1350   -1 1296
1629     5.699    11.881     7.948   -1  306  433  393
1630     9.071    18.493    16.688   -1   80   95   20
1631    -7.547    -2.451   -15.020   -1  694   -1 1262
1632   -20.580     7.066    14.674  574  402   -1   -1
1633   -19.279    -7.898    17.202   -1 1135   -1 1283
1634    24.748    18.704     1.507   -1   61  307   61
1635    14.073     0.274    -2.292   -1  852   -1  978
1636    25.763   -10.446    10.783   -1 1517   -1 1242
1637    19.539   -13.314    16.644   -1   -1 1477 1321
1638    19.645   -14.109     8.276 1027   -1 1544   -1
1639   -17.443   -18.915    18.929   -1 1587 1522   -1
1640     2.611    -6.496    10.448  899 1174   -1 1193
1641   -19.231    -5.272    -0.910  939   -1 1121   -1
1642     4.407    -2.737     5.744  697  989   -1 1076
1643    10.397     2.801   -13.956  305  585 1037   -1
1644   -15.259     1.720     7.882   -1  651   -1  982
1645     6.261    -5.707    19.647   -1   -1 1102 1078
1646    16.307    16.669    19.100   -1  252   -1   26
1647    11.248    -6.795     4.914   -1 1204   -1 1207
1648    -6.601     8.291     3.881  356  349   -1   -1
1649    -4.090    -6.805     2.638  901 1066   -1   -1
1650    15.529     4.487     2.153   -1  706  859  743
1651     5.385   -14.047    15.007   -1 1540   -1 1407
1652     9.797     7.076    12.749  337   -1  632   -1
1653     4.943   -15.726    11.843   -1   -1 1538 1477
1654    10.359    -1.742    11.947   -1   -1 1026  963
1655    11.908    18.098    13.154   -1   -1  150   54
1656    23.899   -13.523     3.841   -1   -1 1557 1389
1657    11.692   -16.094     5.946   -1 1576   -1 1502
