1622
   1    -7.475   -15.558    11.303 1366 1481 1515 1553
   2     6.717    -7.819    12.280  931 1286 1273 1234
   3    20.624     7.236    15.738  258  755  667  455
   4    17.437     7.377    10.118  237  660  695  527
   5    -4.367   -12.703    -6.623 1058 1224 1533 1550
   6    16.206     9.450    15.346  203  592  534  386
   7    13.036    -3.270    12.361  703 1140 1114 1034
   8   -20.779    -4.602     9.488 1013  911 1036 1251
   9    12.611     8.029    10.576  253  584  635  515
  10    11.139     1.152   -10.647  398  704 1101 1053
  11    16.995    -7.841    14.583  871 1391 1306 1179
  12   -18.763   -10.144    18.866 1314 1246 1210 1374
  13    12.636    15.012    13.711   39  259  283  168
  14    18.504    -4.289    15.746  730 1259 1148 1020
  15     2.002    -1.567    17.371  759 1030  947  976
  16     9.403    -7.406    15.504  915 1320 1243 1184
  17    18.282    -6.179    14.695  796 1337 1240 1107
  18     8.310    13.256    12.590  114  301  346  293
  19    11.182    -3.330     9.615  698 1097 1133 1071
  20     8.759    -5.633    16.647  869 1248 1152 1119
  21    22.036     9.365     6.054  122  555  670  443
  22    10.550    15.088    17.795   73  275  235  135
  23    14.616    15.876    13.190   13  229  269  125
  24    11.960    -0.952     4.232  564  953 1085 1010
  25   -19.851     0.018     5.055  788  668  858 1116
  26   -13.148    -9.730     9.939 1152 1189 1283 1391
  27    11.873     6.324    19.451  413  760  624  508
  28    21.570     8.753    11.393  176  634  649  421
  29   -25.807    -0.209     1.175  817  588  874 1175
  30    19.886     5.105    17.137  382  861  745  546
  31    19.303    10.098    16.093  169  593  517  327
  32    18.410     7.364    11.784  242  686  686  502
  33    11.914     8.157    13.356  272  605  603  493
  34    22.109    14.145     9.959    9  345  411  184
  35     4.011    11.727    19.332  228  414  325  314
  36   -24.186    -5.482     4.082 1029  877 1095 1331
  37    18.792     7.110    14.610  274  734  677  484
  38    17.389     9.494    19.515  223  644  511  331
  39     3.210    -5.148    14.466  876 1161 1129 1142
  40    13.299    -9.463    10.143  921 1387 1384 1282
  41    13.700     9.776    20.093  241  602  474  336
  42    13.075    11.261    19.535  189  515  400  280
  43     5.176   -15.480    10.578 1238 1565 1564 1500
  44    11.673    -9.190    11.550  939 1373 1359 1273
  45    12.754    -8.608    16.954  952 1413 1300 1205
  46    12.980     4.778     7.734  375  729  798  701
  47    15.655     9.014     9.482  187  549  619  470
  48    21.197    10.223     5.938   95  504  627  408
  49   -17.489     8.345    15.176  524  362  390  634
  50    -7.077   -14.894     6.681 1289 1422 1521 1558
  51    18.462    -8.046    11.704  844 1382 1344 1195
  52     3.596    -3.991    12.512  812 1098 1096 1108
  53    10.694   -14.769    17.688 1217 1630 1513 1419
  54     7.545    11.359    15.874  197  425  396  347
  55    15.510    11.506    11.401  121  452  483  334
  56   -19.986    -8.593     9.771 1175 1088 1212 1378
  57     0.115    13.839    18.914  183  265  218  244
  58    22.646    -6.310     7.232  705 1299 1319 1148
  59     9.451    12.924    18.817  149  389  307  227
  60   -16.417    -4.009     5.019  913  880 1065 1242
  61    23.585     2.048     4.602  383  912 1002  799
  62    14.056     6.689     9.467  292  661  717  583
  63   -23.741    -2.950     3.363  917  761  987 1243
  64   -23.307    -3.547    -0.146  907  762 1053 1285
  65     3.154   -10.256     9.720 1030 1344 1378 1348
  66    10.917   -11.014    14.377 1036 1466 1400 1314
  67     9.770    -9.358    15.911  996 1409 1324 1255
  68    11.257     6.675    11.187  324  654  684  584
  69    -7.190    -8.803    11.777 1093 1213 1255 1326
  70     3.874    13.293    17.342  161  312  277  264
  71    -9.188     9.276    11.424  397  352  431  587
  72     9.863     5.706    13.137  404  711  703  617
  73   -21.358    -3.248     2.356  904  786 1034 1253
  74   -25.837     3.957     0.771  643  385  690 1023
  75     9.019     8.920    12.862  259  535  542  478
  76    -9.182   -12.103     4.217 1172 1269 1422 1481
  77   -18.621    -7.295     7.098 1091 1026 1173 1344
  78    18.575    13.998    16.634   53  392  337  143
  79   -23.651     3.738    -0.904  611  400  735 1035
  80   -24.388    -2.576    -1.776  873  689 1022 1272
  81    18.927     6.695    11.190  265  720  729  539
  82     0.429    -8.211     9.094  978 1218 1284 1298
  83     2.907     0.241    19.260  691  977  841  876
  84   -19.618    -7.492     6.808 1108 1025 1183 1357
  85   -17.991    -8.360     0.658 1064 1020 1274 1412
  86   -23.552    -2.779     0.211  889  725 1013 1262
  87     8.746    -1.458    15.046  684 1057  989  953
  88     8.893   -14.137    19.272 1223 1607 1473 1397
  89    -1.779     7.869    15.589  431  522  507  563
  90   -20.854     3.292     8.271  681  525  683  958
  91    13.221    13.985    15.546   79  331  315  192
  92   -23.998    -9.305     2.446 1173 1031 1270 1450
  93   -15.244     1.692     7.846  702  645  779 1006
  94    12.692    -4.348     7.619  712 1141 1201 1120
  95    21.910    11.297     6.053   62  462  572  358
  96   -10.293     4.157    10.474  589  589  681  849
  97     8.259    -9.922    17.255 1043 1436 1330 1275
  98    -7.494    -9.611     6.889 1084 1199 1327 1385
  99     6.150    -7.239   -13.847  709 1021 1421 1383
 100     9.433    18.222    19.700    5  126   85    7
 101    22.043    10.383     9.790  108  537  584  363
 102     6.806     2.716    12.901  537  830  812  788
 103     4.007    -9.666    15.171 1051 1368 1318 1294
 104    17.364    -9.009    17.522  930 1462 1336 1193
 105     1.796     7.086    12.347  407  557  602  610
 106   -11.516    -9.787    18.223 1216 1283 1233 1342
 107     5.467     9.330    14.788  288  505  493  466
 108   -21.738    -5.129     3.574  993  874 1099 1305
 109    10.271    11.858    11.431  139  377  430  350
 110   -23.179   -12.075     7.788 1329 1193 1356 1503
 111     4.255    -4.341    11.695  818 1110 1118 1128
 112     7.815    13.156    11.798  116  289  356  307
 113     8.671    12.716    16.314  147  364  338  274
 114   -12.628    12.421    19.190  343  239  198  396
 115     7.804   -10.345    19.218 1083 1458 1334 1277
 116   -17.259   -13.240     7.114 1319 1278 1414 1529
 117   -20.980    -2.025   -13.056  731  569 1104 1300
 118    11.498    -7.282    15.507  895 1339 1247 1174
 119    19.808     9.560     1.736  103  484  687  498
 120    -0.795     8.144    12.436  388  494  519  573
 121   -23.960     4.353     4.393  641  416  652  961
 122   -16.176    -3.545     5.678  901  868 1041 1223
 123    23.573    -0.058     7.882  493 1046 1069  872
 124     0.316   -13.988     8.862 1201 1454 1504 1479
 125     8.295    17.273    12.278    2  101  179  117
 126    -6.851     2.928     5.993  571  632  789  926
 127    -0.301    15.281    18.239  135  188  150  189
 128     6.044    15.955    13.316   45  159  216  171
 129   -10.010    -0.788    14.831  813  875  863 1029
 130     9.590     5.968    15.958  421  727  659  576
 131     0.418    12.474    11.781  184  271  344  380
 132    11.909    -5.496    -0.443  692 1103 1298 1222
 133     3.809    -2.181    15.020  754 1052  995 1017
 134    10.549     1.828    10.247  527  873  907  841
 135    16.399    16.667    19.179   11  254  191   32
 136     3.391    11.189    12.331  207  361  410  410
 137    -1.413     6.087    16.139  503  627  582  630
 138   -17.635     1.069    10.311  764  684  776 1022
 139    12.481     6.970    13.784  320  677  654  540
 140   -18.007    -2.153    15.765  948  884  870 1114
 141   -16.212    -3.518     8.286  918  892 1017 1199
 142     3.729     5.114     0.856  380  559  794  813
 143   -20.108    -9.545    10.869 1226 1138 1237 1402
 144    -1.973     0.953    12.173  660  832  852  929
 145     5.619    -0.145    11.575  638  933  951  941
 146    -3.172     5.344    19.131  551  679  574  655
 147    22.516    -5.081     7.765  663 1249 1265 1094
 148     5.304    17.276     9.083    0   55  195  158
 149    -9.656    11.436    14.252  315  266  297  467
 150     6.868     0.610     6.268  557  862  968  948
 151   -22.030    -6.516    -0.475 1014  900 1196 1379
 152   -13.362     1.335     3.541  669  636  850 1047
 153   -16.278    -8.915    11.404 1164 1150 1225 1371
 154    11.097     0.050     8.172  562  936  999  932
 155     0.622    -0.958    18.657  763 1000  905  942
 156    -8.565    -8.644    10.617 1085 1182 1252 1339
 157    -5.131    -2.441     2.205  743  871 1078 1161
 158     1.402     6.623     2.075  342  488  718  738
 159     3.002    -7.283    14.253  959 1250 1228 1219
 160   -20.794    -1.338     9.441  884  766  878 1141
 161   -11.766    -2.934     6.651  850  885 1032 1178
 162   -17.995     2.167    19.601  802  717  644  901
 163   -16.179     1.630    17.757  798  738  697  931
 164     1.677    11.182    11.695  214  344  408  428
 165   -14.970     2.370     6.927  664  606  760  986
 166   -14.227    -3.459    -0.069  839  823 1092 1245
 167     3.123     3.909    14.197  533  751  737  737
 168    -7.802     1.097    -0.743  603  652  937 1065
 169   -16.857    -7.061     9.197 1082 1050 1150 1318
 170    20.629    11.144     3.806   61  432  607  395
 171     0.137    -6.811    -2.672  831 1054 1315 1325
 172   -16.283    -0.669    -0.583  738  676  960 1165
 173    -7.767     3.835     4.233  539  561  759  906
 174   -19.405   -10.575     5.851 1210 1143 1322 1458
 175   -18.024    -1.669    11.274  888  818  901 1130
 176     6.611    -0.015    13.034  635  950  939  915
 177    -5.346    -0.718     0.037  655  772 1019 1117
 178     3.150    -7.002    16.997  972 1267 1197 1186
 179    -7.750    -3.786   -18.905  645  712 1278 1347
 180   -21.652    -4.785     5.377  994  876 1072 1284
 181    -6.011     2.797     6.911  579  663  791  917
 182     1.996     0.698    18.666  680  932  828  858
 183    11.018     4.723     5.516  377  691  813  735
 184     0.979    12.732     7.688  144  227  375  403
 185     1.272    -1.373     4.873  666  898 1046 1074
 186    22.742     5.035     3.249  239  753  881  669
 187   -10.283     7.636     6.661  438  379  547  715
 188    17.014     5.794     8.350  295  718  772  616
 189   -15.137    -3.821     0.844  867  841 1097 1259
 190   -11.785    -9.589    -1.075 1044 1093 1368 1437
 191     3.883    -8.229    11.949  971 1280 1279 1271
 192   -22.281    -8.826     2.076 1133 1018 1264 1432
 193   -14.148   -15.009     8.937 1380 1393 1481 1567
 194   -10.642    -1.950     5.881  797  837  990 1143
 195    19.630    14.798    13.271   16  324  341  137
 196    -6.411     2.278    19.359  693  804  709  833
 197   -11.299     2.154    15.640  708  743  719  900
 198    24.136     2.746     3.675  329  878  979  768
 199    -5.018    -4.127    19.914  950 1100 1000 1092
 200   -18.993     0.309    -0.986  719  596  913 1145
 201   -16.347     6.651   -14.260  356  192  764  993
 202     2.206    17.252    15.061   37   74  117  122
 203   -23.943    -7.209     5.199 1114  965 1158 1375
 204    17.119    -2.626    12.602  648 1146 1102  983
 205    23.183     5.308     0.877  210  721  900  679
 206     0.267    10.193    14.041  289  409  420  465
 207     8.570     4.115     8.382  445  736  796  752
 208   -20.809    -7.130     4.840 1081  985 1174 1362
 209    -3.182     7.964     7.219  367  431  568  645
 210    -2.374     4.996     4.183  468  548  744  827
 211    15.110    15.966    17.069   23  261  233   83
 212     8.600    -0.250     0.766  543  866 1059 1025
 213    13.592     2.800   -15.357  269  599 1089 1008
 214    -1.148    11.354     8.050  204  278  416  477
 215   -16.144    -3.966     1.581  883  845 1093 1264
 216     1.315     7.752    13.786  396  536  541  565
 217   -11.400    -7.616     9.993 1055 1117 1213 1310
 218     4.787   -14.302    16.637 1252 1564 1484 1429
 219    12.137    13.504    11.065   76  311  373  270
 220    -9.986    -0.000     9.195  742  790  877 1041
 221   -14.490     4.785    15.290  624  563  571  795
 222     0.273    16.953    15.124   56   77  116  142
 223    18.265     1.821     8.025  463  913  956  812
 224     0.900     5.666    11.694  471  618  664  695
 225    20.724   -10.439     9.298  891 1472 1443 1290
 226     1.599    10.797     1.945  171  273  518  548
 227     1.395     9.101    -8.949  155  248  711  732
 228     5.411     1.377    18.270  628  925  816  809
 229   -17.846   -12.477     1.505 1248 1191 1413 1546
 230   -20.670     9.059     5.538  455  222  428  724
 231    -3.281     5.526     9.991  487  567  666  747
 232    18.925     3.089     5.438  384  836  932  766
 233    -9.711    10.091    14.427  394  336  358  522
 234   -15.443     5.940    19.174  612  540  481  706
 235    -0.073    15.410    13.537   96  138  200  229
 236     3.509     7.394   -19.389  146  252  879  897
 237     0.207    17.291    20.132   77  106   59   89
 238   -13.908    -7.165     1.339  988 1004 1239 1360
 239    12.815    -1.173     7.374  592 1002 1067  989
 240     2.556    14.689    10.517   92  175  275  282
 241    13.086    -4.821    11.769  757 1201 1187 1098
 242    14.063    -2.570    -2.340  563  983 1207 1124
 243    -6.645     7.980    -3.330  299  287  660  775
 244   -20.022   -10.772     9.844 1273 1178 1297 1444
 245    14.061    16.977    16.899    3  205  184   56
 246   -19.272    -6.414    -3.690  963  889 1229 1387
 247   -22.479     1.588    -2.464  674  491  845 1132
 248     1.276    -5.706    12.366  894 1151 1157 1182
 249     0.459     6.734    18.228  482  626  539  574
 250   -12.006    -9.810     9.102 1140 1195 1299 1393
 251    18.981    11.438     1.618   51  371  605  409
 252    -5.582   -10.017    11.436 1118 1279 1317 1361
 253     0.672    10.367    12.212  263  384  433  472
 254   -17.609   -11.362     4.860 1221 1175 1373 1482
 255    14.619     5.112    10.940  373  758  761  632
 256    -8.919     9.101     2.853  316  280  524  674
 257     9.970    -3.634    10.836  729 1120 1128 1076
 258    -0.365   -13.413    -3.378 1086 1314 1554 1548
 259     9.714    10.433     8.283  173  420  520  450
 260   -16.022   -12.773     3.428 1259 1229 1433 1533
 261    10.487    -9.180     7.179  909 1329 1382 1299
 262   -11.395    14.963    10.606  160   56  172  352
 263    -2.239     3.391     4.200  520  631  811  898
 264    -6.099    -4.734    10.797  906 1048 1094 1189
 265   -11.495    -5.048     4.970  911  956 1136 1268
 266     3.490    11.931    11.171  181  318  394  392
 267    25.857     1.979     2.833  350  918 1038  807
 268   -16.592    15.320    18.561  240   59   53  298
 269     3.546    -4.563    12.495  835 1119 1121 1134
 270    -4.808    17.751    14.861   58   25   60  141
 271     2.518     0.517    15.264  662  915  866  896
 272    -6.425    10.534    17.847  368  366  329  449
 273    -0.870    14.294    10.475  124  164  272  317
 274   -20.840   -10.164     7.045 1222 1129 1289 1439
 275    19.313     6.440    -0.764  192  610  835  663
 276     4.902    15.816    12.595   52  150  223  193
 277    -2.346    -5.917    -0.394  827 1019 1253 1289
 278   -11.327    11.194     5.555  271  191  392  564
 279    -0.967    14.787     4.401   78   75  298  357
 280   -23.040     6.198     3.752  552  326  566  889
 281   -21.783     3.421    10.546  710  534  647  940
 282    16.118     5.027   -11.672  193  545  973  867
 283   -11.686     9.431    16.727  460  374  351  544
 284    -4.565    -0.375    14.410  746  902  882  985
 285   -19.864     2.305    14.184  767  635  675  949
 286   -17.294     8.465    14.010  514  347  397  649
 287     4.184    15.666     9.601   44  123  246  231
 288   -25.063    -6.491    -1.514 1025  864 1179 1392
 289    -8.305     4.857     2.140  501  495  739  879
 290    13.182   -14.547    15.605 1168 1623 1525 1416
 291    -5.372     5.949    18.346  542  617  540  642
 292    -9.469     1.430     0.955  608  640  896 1045
 293   -17.607   -13.320    14.922 1396 1356 1376 1485
 294    16.136     4.033     5.224  361  770  873  743
 295    22.566     0.347     3.012  449  969 1086  905
 296     9.918     2.320    18.591  556  926  792  729
 297    15.060    10.272    19.368  206  575  468  310
 298   -14.356   -12.584     5.345 1251 1257 1411 1507
 299    -6.617     2.942     2.741  547  597  825  951
 300    24.570    -2.497     4.555  538 1122 1203 1007
 301    -6.014    -3.348    10.303  849  986 1044 1144
 302   -12.764    10.396     3.939  298  204  432  623
 303    -6.523    -2.291    -6.589  672  775 1126 1220
 304    10.682     4.312     7.183  410  730  814  746
 305     5.792    -7.505    -7.159  778 1078 1396 1349
 306   -17.306   -10.348     3.021 1160 1124 1345 1462
 307     0.370    11.225    17.669  270  391  343  376
 308    -5.653     9.238    16.725  415  437  405  510
 309   -10.302   -12.190    10.726 1249 1327 1390 1448
 310    12.422    -8.277    15.323  926 1380 1294 1207
 311     1.391    13.932     4.304   86  145  353  383
 312     5.582    -4.758    -1.733  713 1024 1246 1227
 313    10.650     2.823     2.286  435  754  924  866
 314     0.907    13.615    16.320  166  257  251  286
 315   -23.062   -13.451     4.640 1361 1216 1419 1570
 316   -19.081    -0.217     3.429  780  670  899 1135
 317     1.916    10.723   -19.200   55   89  738  748
 318    -6.583    -6.967     6.808  967 1090 1230 1296
 319   -21.683    13.276     4.379  257   23  249  550
 320     5.509     5.197    13.773  473  707  685  661
 321     5.258   -13.235    19.948 1219 1560 1417 1386
 322     7.949    -2.670    18.704  776 1134 1016  980
 323    -9.199    -4.412     1.909  848  921 1140 1246
 324    -0.776    -1.800     4.576  688  897 1056 1105
 325   -21.946     2.706    -4.042  615  435  806 1085
 326    -7.069     8.059    13.179  441  456  494  613
 327     3.948    -6.180    -9.689  718  995 1361 1334
 328    -3.995     2.825     1.774  532  624  854  952
 329   -24.063    -2.496    -1.755  864  693 1018 1269
 330   -14.269   -12.943    10.315 1310 1322 1399 1492
 331     5.254     1.651    -2.091  489  726  980  988
 332    -8.939    -0.973     1.003  700  764 1001 1136
 333   -18.964     9.827    10.577  451  236  355  621
 334    -3.964   -13.177    -5.448 1089 1260 1548 1560
 335    -4.683    14.804    15.472  153  153  175  272
 336   -11.383    -6.035     1.616  924  976 1209 1307
 337   -20.081     9.456     8.688  462  233  385  665
 338   -10.523    17.219    14.903  113    8   47  203
 339    26.339    -1.354    -0.304  465 1049 1200  990
 340   -12.329     7.370    -1.162  401  305  632  823
 341   -12.579     7.215     5.233  466  365  564  763
 342   -20.234   -10.242     1.502 1171 1079 1340 1475
 343    15.879    12.057     4.040   59  341  523  381
 344    -5.652    11.959     2.197  182  171  422  533
 345    -8.625    -3.060    -1.595  756  835 1113 1224
 346     9.775    13.176     8.264   84  277  402  324
 347    -2.293    13.377     3.217  118  131  369  439
 348   -10.718    13.212     9.558  211  121  270  440
 349    -9.987   -10.988    -0.776 1092 1167 1412 1477
 350    -8.218     6.708    -0.132  403  378  679  817
 351   -10.438   -12.955     4.567 1218 1296 1451 1510
 352     8.321     9.081     7.939  222  478  580  521
 353   -16.675     1.881    -4.952  604  507  890 1100
 354    16.599     1.396     3.655  457  881 1005  883
 355     0.222    10.719    -4.458  143  208  576  615
 356   -10.071   -13.688     9.530 1291 1372 1446 1502
 357     5.167     4.735     4.755  422  630  782  778
 358   -20.537     7.208     4.087  516  290  527  829
 359     7.643     6.946    16.989  399  678  596  531
 360     3.613    11.474   -15.088   41  102  671  668
 361     1.746    16.605     8.373   32   54  210  215
 362    -7.898    16.963    14.170   97   32   86  205
 363   -11.409   -14.849    14.035 1397 1447 1449 1521
 364     8.399     2.793     9.274  505  800  849  822
 365   -10.376     6.184    -0.678  440  383  692  860
 366   -16.360     5.105    -9.256  474  307  777 1009
 367   -22.290    12.656     1.290  267   27  294  606
 368    18.855    12.542     1.444   25  320  543  368
 369    21.486    -7.893     7.239  783 1361 1377 1210
 370    -1.733    -3.475    -6.529  676  857 1208 1241
 371    12.999    10.781     2.778  110  370  578  474
 372    10.348     4.981     2.833  348  647  821  760
 373    13.539     4.578     7.088  370  740  818  716
 374     1.449     6.591   -17.043  195  292  889  923
 375    -1.149     5.202     9.364  485  608  691  750
 376   -19.849     2.785    -6.843  580  417  842 1101
 377     0.518    11.827    18.560  244  373  302  344
 378    12.828     7.505     3.191  216  541  733  612
 379   -11.028     8.806    -1.644  318  237  562  751
 380   -23.131    11.135     4.236  376   91  334  647
 381     5.688    11.908     7.887  142  306  434  407
 382    -6.594     5.201    -2.766  433  453  768  899
 383   -22.553   -10.056    -5.593 1121  999 1371 1514
 384     3.939    12.808    14.671  167  308  312  318
 385    -4.526   -13.482     1.259 1156 1334 1516 1526
 386    21.116    -1.149     3.587  517 1041 1134  970
 387   -24.076    10.097     7.072  452  163  347  673
 388    -3.083    16.968     8.517   38   22  154  232
 389   -19.516    11.177     1.007  302   90  388  658
 390     9.781    11.933     2.851   94  285  513  434
 391    -1.048     8.539     3.150  282  375  606  646
 392     0.728     8.563     4.030  276  397  608  624
 393     3.693    10.117     8.644  225  388  501  499
 394    -4.051    16.874     5.876   34    0  187  271
 395    -0.357     5.068     9.537  488  616  705  754
 396    13.126    13.382     1.596   31  232  480  366
 397     3.820     4.631     2.617  426  603  802  818
 398   -14.378    -5.703    -6.872  870  853 1242 1363
 399    -9.764   -13.730     1.689 1214 1308 1505 1555
 400   -25.375    11.346     3.509  379   61  316  659
 401    15.456     3.815     1.712  345  742  915  793
 402    17.064    10.301    -0.886   89  394  657  504
 403   -14.393    10.521    -2.113  266  134  482  690
 404   -12.261    -2.136    17.993  905  941  893 1070
 405   -23.878    10.648     4.740  406  114  348  671
 406   -15.708    12.633     5.557  245   86  293  529
 407   -11.162    -2.168    -2.935  739  768 1079 1212
 408    13.693   -10.947   -12.061  811 1237 1568 1460
 409    23.210    -1.464    -0.594  483 1027 1190 1013
 410   -17.266     9.789     2.418  366  186  452  699
 411   -10.906    -5.386   -12.461  789  819 1285 1373
 412    -6.991    15.709     1.753   64    1  262  374
 413     4.237   -12.329    10.606 1124 1441 1440 1411
 414    -2.160     2.773    13.200  600  752  750  846
 415    -3.835   -12.240    -6.373 1034 1215 1522 1527
 416    12.994   -13.182    11.347   -1 1541 1508 1401
 417    15.579     6.505     6.988   -1  657  746  607
 418     2.387     7.670     5.193  306  472  643   -1
 419    13.841   -14.357    10.333   -1 1579 1555 1436
 420     9.429   -15.113    11.826   -1 1585 1560 1472
 421     1.482    10.190    16.355   -1  454  406  432
 422    20.588   -11.502   -12.636  768 1310   -1 1455
 423   -11.115    -6.256     6.642  977   -1 1168 1288
 424   -10.134   -13.947     6.629 1279 1364 1474   -1
 425    -3.727    -3.025     6.891  790  940   -1 1147
 426    13.866   -10.465    -0.545  875 1336 1483   -1
 427   -16.789     7.135     6.610   -1  355  529  779
 428    14.889    12.243    12.673  107  412  429   -1
 429    -1.095   -16.017    12.890   -1 1557 1542 1537
 430    14.208    -3.242     5.998   -1 1086 1163 1079
 431    -1.164   -13.910    15.623 1277   -1 1448 1445
 432   -19.474    -2.937     2.955  880  794 1023   -1
 433   -16.290    11.850    13.482   -1  190  256  497
 434     3.984   -10.144     7.819   -1 1321 1387 1354
 435    12.896    -0.486   -12.460  437  787 1198   -1
 436   -11.335   -10.876     9.721 1188 1251   -1 1418
 437    -8.815   -13.814    18.467 1373 1464   -1 1453
 438    -6.812     8.507     0.832   -1  313  593  710
 439   -12.251     5.819     8.279   -1  476  613  801
 440    -0.006    10.157    -8.317   -1  202  650  682
 441   -16.695    13.547    15.952   -1  122  147  397
 442   -15.287    11.264    -9.728   -1   36  516  736
 443    -4.628    -3.876     9.826  853   -1 1083 1156
 444   -17.477    -4.698   -11.127  821   -1 1222 1368
 445    -6.802   -13.382     7.735 1233 1370   -1 1491
 446     2.647    -6.504    10.467  899 1179   -1 1217
 447   -14.231    -3.625     1.817  862  846   -1 1238
 448     2.745   -13.025    13.094 1179 1473   -1 1420
 449    -5.947   -12.561     7.225 1187 1348   -1 1469
 450   -19.159    -5.213    -1.059  936  852 1147   -1
 451    20.212     3.757    10.037  378   -1  859  681
 452     2.643    -2.310    -6.334  605  843 1169   -1
 453    26.714    -0.137     4.583   -1 1045 1109  887
 454     0.868    -1.964   -19.152  528  694   -1 1261
 455     2.045     6.172    18.800  490  683   -1  593
 456    25.727    12.492     5.740   -1  421  544  285
 457   -24.477    -4.195     3.129  981  808   -1 1291
 458    16.198     1.942    -5.644   -1  763 1058  950
 459    11.970    -5.912     8.935  792 1210   -1 1170
 460     1.744    -6.223    11.660  903 1170   -1 1201
 461     9.637   -15.239     7.115   -1 1553 1582 1499
 462    21.419    -7.585    12.988   -1 1397 1325 1157
 463     0.696   -15.648    16.919   -1 1587 1514 1487
 464   -11.836    -3.158    16.408   -1  984  950 1123
 465   -12.530   -13.804    12.379 1348 1389   -1 1498
 466    21.669    14.369     9.070    1  322  409   -1
 467     2.990   -17.468    14.138   -1 1642 1590 1564
 468   -11.505     9.970    12.052   -1  300  381  562
 469    -0.721   -14.415    12.730 1269 1496   -1 1476
 470     4.517     1.440    15.064  606  894   -1  848
 471   -13.917     6.221    10.551   -1  466  553  767
 472   -17.783    11.156    13.344   -1  211  278  537
 473    -3.561    -1.835    11.097  774   -1  974 1073
 474    -5.185   -14.355     9.187 1276 1440   -1 1513
 475   -14.576    10.735   -12.248   -1   46  561  782
 476   -14.438   -13.105    -2.669 1194 1207   -1 1566
 477    -1.261    -2.043    15.109  794 1009  966   -1
 478     4.825    -8.816    10.051   -1 1290 1326 1295
 479     9.167   -11.610    16.415   -1 1492 1404 1336
 480    -2.710   -12.226    13.920 1202 1415   -1 1410
 481     5.296   -14.122    14.860 1212 1549   -1 1433
 482    -7.180     6.832    17.914  526  553  499   -1
 483    20.134     7.094    13.954  255  744   -1  483
 484   -16.769     3.479     8.173   -1  546  700  935
 485     7.270    -0.307     8.272   -1  923  993  967
 486   -12.815    12.745     8.599   -1  129  281  482
 487    -4.460   -12.443     5.548 1150 1338   -1 1470
 488    -0.308    -6.698    15.109  975 1208   -1 1202
 489    -8.288    -0.651    12.259  775   -1  892 1038
 490    -6.197    11.448     8.171   -1  238  384  501
 491   -13.632    -1.191    17.480   -1  890  833 1044
 492    -8.303   -16.148    14.030   -1 1521 1518 1562
 493    -9.736    10.909    20.085   -1  343  276  431
 494   -19.399    -8.552    -4.790 1041  967   -1 1451
 495     9.344    -4.655   -13.301  595  928 1350   -1
 496     8.976    -3.194    10.435   -1 1083 1106 1072
 497    22.238    -4.267    -1.037  570 1128 1302   -1
 498   -17.845    -8.653    -3.692 1037  990 1321   -1
 499     7.847    -6.770   -11.418  690 1038 1402   -1
 500    -5.934   -13.227    11.034 1254 1404   -1 1468
 501    -2.347   -15.814     9.065 1307 1508   -1 1556
 502    19.321    16.089    13.305   -1  253  279   91
 503   -12.601     3.444    13.123  651  633   -1  868
 504   -20.320     1.756     1.849   -1  539  805 1078
 505   -15.565    15.349    18.975   -1   68   51  283
 506    -6.338   -11.851     4.487 1135 1284   -1 1464
 507     2.842    14.711    -5.043   15   -1  415  430
 508   -21.239    -9.594     6.819 1196   -1 1259 1426
 509    -2.048   -12.487    10.632 1180 1394   -1 1430
 510    -5.930    13.132     8.211  180  157  310   -1
 511    -9.297     9.490    18.011   -1  404  359  511
 512    -9.071   -15.803    11.256 1387 1480   -1 1565
 513     2.791   -16.921    14.401   -1 1624 1576 1547
 514    13.969    10.675    16.856   -1  527  467  325
 515   -18.597    -5.784    17.123 1113 1053 1027   -1
 516    -1.522    -4.794   -12.606   -1  863 1303 1321
 517     3.695     8.283    -2.320  213  369   -1  693
 518    16.787   -12.854     5.992   -1 1503 1536 1409
 519    18.601    -5.118    16.673   -1 1307 1182 1052
 520    -6.272     6.021    -3.410  393  399   -1  870
 521     0.284    -0.062     1.068  594  796   -1 1063
 522   -20.331     6.293    15.507   -1  458  472  761
 523   -16.220     5.819    19.401  634   -1  479  713
 524    -0.142    -6.663    19.160   -1 1245 1145 1177
 525    -4.815    -2.466     5.573  761  908   -1 1140
 526    23.404     5.578     8.939   -1  793  810  582
 527    -3.678    12.745     5.468   -1  176  367  458
 528    -3.839    -8.573    11.951 1050 1223 1257   -1
 529   -23.802     3.951    -2.288  597  363   -1 1042
 530    -0.433    -6.657    18.511 1000 1230 1144   -1
 531     0.588   -13.019    10.083 1170 1438   -1 1442
 532   -17.451     8.929    19.294   -1  372  320  572
 533    -6.508     3.215    15.140   -1  716  707  831
 534     9.475     6.171    17.650  428  732   -1  558
 535    -0.633     2.619     0.009  510  646  903   -1
 536   -16.751    -9.066   -15.820  942  910 1416   -1
 537    -6.342    -2.595    12.570  836  963  982   -1
 538    -8.923     5.782     3.599  481  464  680   -1
 539    11.258    -6.819     4.966   -1 1206 1311 1230
 540     3.482    -3.001     9.096  747 1029   -1 1089
 541   -11.326    -3.455    -0.333  814  842 1103   -1
 542    -3.285    13.944    14.585  175  199  232   -1
 543     1.234    -9.150     4.158  962 1220 1369   -1
 544    20.467    -7.525    18.014   -1 1443 1282 1127
 545   -10.509     5.363    -8.870  408  342  795   -1
 546     8.771   -11.801     7.999   -1 1430 1461 1390
 547     3.059    -8.931    13.815 1016 1319   -1 1281
 548    20.629    12.869    11.454   -1  418  448  234
 549   -21.578     2.786    -9.368  576   -1  856 1126
 550    -5.915    -4.215    -0.173  804  919 1155   -1
 551    -6.023   -15.152    16.903 1385 1527   -1 1494
 552    22.315     7.637    -7.772   -1  509  857  660
 553    -8.517   -14.094    15.240 1350 1450   -1 1478
 554   -18.077     4.301     1.807   -1  447  715  959
 555    22.070    -0.840    -7.322  427  914   -1 1055
 556    -6.219    -7.531    16.006 1062 1204   -1 1252
 557    -8.795    10.592    12.349  335  288  363   -1
 558   -10.965   -14.790     9.261 1343 1411 1491   -1
 559   -23.254    13.147     7.876  303   35  217   -1
 560     7.274   -11.484     5.497   -1 1374 1458 1399
 561    -4.156     8.989     9.133  340  387   -1  595
 562     8.132    -5.708    11.604  833 1200   -1 1153
 563    -4.357     0.123    19.091  762   -1  807  921
 564    -6.552     8.255     3.770  353  351  570   -1
 565   -18.082     2.169    10.814   -1  628  730  977
 566    12.730    16.792    13.706   -1  177  214  100
 567     2.582   -16.076    20.042 1376 1639 1517   -1
 568    12.006   -14.359     2.349 1059   -1 1586 1488
 569     4.097    18.967    15.020   -1   28   62   50
 570    13.228     6.243    -4.887  205  531   -1  758
 571   -11.414     1.125     1.892  644  650  894   -1
 572     8.814    -4.744   -11.453   -1  943 1335 1280
 573     1.332   -10.756    10.037 1075 1351   -1 1370
 574    14.335     2.403    -9.873  313  682 1063   -1
 575    -0.591   -12.573    18.762 1247 1483   -1 1388
 576    19.056   -12.098    14.300 1008 1569   -1 1323
 577   -13.807    -6.400   -15.840  823   -1 1342 1427
 578     6.437     8.467    10.087  280  511   -1  542
 579   -11.233    -7.714     4.135 1007 1069   -1 1351
 580    -3.426     7.032    19.150   -1  585  498  585
 581    14.697   -12.138    -2.522  910 1390 1556   -1
 582   -15.984   -14.327    12.020 1395 1379   -1 1535
 583    18.795    -1.589    19.914   -1 1183 1010  857
 584     6.044     0.616   -13.103   -1  672 1120 1115
 585    -7.784    11.783    14.507  290  264  290   -1
 586    -3.830    10.183     8.330   -1  321  462  545
 587    -5.782     1.689     5.950  609  703   -1  968
 588    13.165   -14.762     5.451 1099 1547 1584   -1
 589   -10.184     1.563    13.030   -1  748  769  939
 590   -11.725     0.145    12.099  771  797   -1 1016
 591   -12.074    -6.233    18.999   -1 1135 1071 1213
 592   -16.372   -10.450     8.951 1209 1184   -1 1425
 593   -17.714    -4.275    -0.253   -1  831 1110 1292
 594    -2.789   -11.054    -0.315 1035 1221 1439   -1
 595     6.503   -13.862     1.878   -1 1439 1565 1495
 596     4.654   -15.665    11.278 1260 1575   -1 1508
 597     9.643   -11.032     3.645  964 1366 1464   -1
 598   -18.294     5.690    16.856  640   -1  495  762
 599    20.473     3.558    -2.217  279  750   -1  824
 600   -14.814    -5.011    19.035 1060 1063  988   -1
 601   -12.345    -1.888    12.538   -1  888  926 1096
 602   -23.250    13.517     5.749   -1   13  219  538
 603    26.535    -1.790     3.327   -1 1092 1188  974
 604     4.436    -2.738     5.757  701  989   -1 1104
 605    -9.484    -4.964   -15.156  735  795 1295   -1
 606    -0.283   -12.936     8.767 1162 1416   -1 1449
 607    -6.388   -10.871     4.246 1107 1236   -1 1428
 608     1.917   -11.255    16.427 1138 1437 1362   -1
 609    21.123    13.389    15.470   -1  446  391  165
 610     4.416     5.073    -1.402  360   -1  823  837
 611    17.016    -1.839     3.892  554 1035 1143   -1
 612   -21.770    -3.711     6.744  966  839 1004   -1
 613    17.252     5.225     4.550  284  714   -1  684
 614    -4.028    -6.842     2.522  900 1070 1262   -1
 615    -6.258     6.711    -8.005   -1  319  752  884
 616   -20.028    10.804    -3.365  285   65  446   -1
 617   -17.715     0.302    -9.819  639  523  992   -1
 618    24.231     5.251     9.964   -1  821  819  581
 619     9.348    -6.481     4.043  795 1169 1291   -1
 620    -4.972   -11.764    -3.748 1049 1212   -1 1497
 621   -12.415     6.043    18.348  593  552   -1  694
 622    21.582     8.456    16.673   -1  705  612  382
 623    -6.605    -4.188     4.418  837  958   -1 1215
 624    20.034    -7.057    -0.099   -1 1234 1389 1236
 625     3.375    10.176    11.810   -1  413  471  473
 626    -6.117    10.583    10.901   -1  304  399  512
 627    12.156    -7.476     6.617   -1 1258 1328 1239
 628     8.336    17.649     9.872   -1   60  189  120
 629     5.539   -14.634     7.237   -1 1499 1553 1493
 630   -19.949    -3.763    -4.382  863  756   -1 1304
 631    20.319     7.358    -5.959  132  518   -1  667
 632   -25.678     0.710    -0.635   -1  530  848 1151
 633   -22.291     7.254    -8.073  434  180  648   -1
 634    21.177    -4.920    10.319  682 1254   -1 1081
 635   -18.171   -12.228    17.576 1381 1330 1310   -1
 636    -4.117     9.527    11.350   -1  376  459  549
 637   -22.161    -3.115    -1.888  874  737 1055   -1
 638     9.466   -12.193    11.811 1077 1478   -1 1380
 639    -7.636    -9.460    17.234 1154 1287   -1 1320
 640    17.732   -12.053    -0.743   -1 1426 1550 1415
 641    -6.052   -14.499    15.047 1336   -1 1454 1484
 642     8.891   -14.196     8.221 1130 1520   -1 1467
 643   -16.468     5.306    10.425   -1  483  585  840
 644     4.514     0.413   -20.266  402  594 1176   -1
 645    15.017   -10.629    -2.954  858 1326   -1 1394
 646   -10.763   -13.017    -7.253 1126 1186 1526   -1
 647    -6.815    -1.470     3.673  727  829   -1 1125
 648    -4.372    -4.786   -14.493   -1  827 1307 1343
 649    13.201    14.140    14.376   66   -1  319  198
 650   -22.846   -14.312     4.608 1394 1261 1450   -1
 651     8.203   -16.907    11.693 1278 1640   -1 1539
 652    -9.727    -1.388    -0.045  716   -1 1035 1154
 653     0.930    -9.127     5.983  985 1232 1353   -1
 654     1.264     1.275     9.781  601   -1  875  920
 655     1.244    -5.250     8.883   -1 1095 1165 1191
 656     9.661     7.088    13.089  337  638  640   -1
 657    -2.224     9.329    14.129   -1  440  442  516
 658    -4.331    -6.236    -6.517  810  968 1305   -1
 659    17.681     4.883    -3.974  231  643   -1  785
 660    -5.033    -6.292   -12.266  770  909 1348   -1
 661   -16.820    -0.425   -19.515  586  481 1108   -1
 662    14.739    -4.800     2.343   -1 1127 1258 1163
 663     3.651     6.428     9.634   -1  579  665  657
 664    16.680    10.936    18.263  174   -1  440  289
 665    -6.616   -10.212    -5.089  997 1121 1425   -1
 666   -24.117   -13.568     4.715 1379 1217 1415   -1
 667   -19.764   -11.874    13.039 1340 1262 1316   -1
 668    -0.990    -6.916     9.486  933 1159 1232   -1
 669     9.306    12.012     8.645  128   -1  453  375
 670   -13.867    -9.522    13.159 1186   -1 1244 1367
 671     4.113     5.318    11.591  454   -1  704  689
 672     3.804    -7.485    16.316   -1 1285 1224 1208
 673    10.580    -0.477   -11.790  459  778 1170   -1
 674    24.784    17.443     8.399   -1  187  295   52
 675   -14.863     7.514    17.506   -1  461  418  633
 676   -21.989    -7.508     8.503 1131   -1 1149 1359
 677   -12.814     9.673    19.006   -1  368  314  518
 678    14.394   -11.827    16.994   -1 1545 1424 1312
 679     6.132    -1.279     7.359   -1  949 1045 1028
 680     0.546    -8.130    18.178   -1 1303 1221 1231
 681   -18.182     0.142     1.408  736  641   -1 1131
 682    14.585    -6.262     7.716  773 1231 1280   -1
 683    -1.274    -6.675    13.524  965 1180   -1 1225
 684    14.410     7.183    19.961   -1  745  595  460
 685    -0.968    -9.694    17.098   -1 1352 1277 1303
 686     4.839    -3.348    17.611   -1 1136 1042 1037
 687    -7.728   -10.311    12.881 1155 1281   -1 1376
 688     0.611    -2.983     1.645   -1  929 1131 1160
 689    -2.790   -12.183     4.187   -1 1318 1452 1465
 690   -14.560     0.275    16.420   -1  805  774  996
 691    -0.801     7.027     1.622  333  444  693   -1
 692    12.937    -9.704     4.310  890 1347   -1 1333
 693    13.528     6.278    -7.079  194  508  864   -1
 694   -18.057   -13.688   -11.645 1176 1130 1547   -1
 695    14.669     2.322    -7.539  332  715 1054   -1
 696    18.313     6.152     5.079  246   -1  784  620
 697     4.022    -7.516    11.169  934 1239 1251   -1
 698   -18.109     8.049    10.068  511  327  445   -1
 699   -17.480     5.296    15.208  630  521   -1  790
 700   -15.994    -8.613    17.144 1199   -1 1156 1324
 701    23.214     7.365     1.701  151  620  786   -1
 702    20.525    17.343    10.173   -1  179  266   64
 703   -21.417     3.792   -12.367  522  299   -1 1110
 704   -12.748    -5.841    11.869 1011 1055   -1 1244
 705    15.249     4.172     7.821  389   -1  837  714
 706   -13.108    13.462     8.224  209   84  259   -1
 707   -18.582   -16.360    -2.936 1368 1311 1585   -1
 708   -16.298     3.344    -7.083   -1  419  839 1068
 709     4.683    -5.241    -8.441  678  973 1314   -1
 710   -11.285    16.412    12.078   -1   16   99  275
 711    11.567     5.699    10.912  374   -1  732  625
 712   -20.414    13.941     2.411  199   -1  247  535
 713   -14.791    -1.945   -12.647  673   -1 1127 1279
 714   -22.772     5.419     9.616  620   -1  548  871
 715   -11.120    -5.643    19.378   -1 1118 1043 1187
 716   -12.724     6.366    -0.052  456  359   -1  861
 717   -10.795   -12.847    13.624 1306 1371   -1 1457
 718    -6.672     9.632     9.191  338  329  458   -1
 719    11.484    -4.232    -6.542  607  997 1293   -1
 720     4.779    -0.675   -14.360   -1  708 1175 1172
 721     4.280     4.667     6.358   -1  642  766  774
 722   -11.532    11.263     2.615   -1  160  413  596
 723    -6.319    16.366     5.849   -1    5  197  308
 724    24.144     9.836     0.739   -1  496  712  469
 725     5.939    -8.770   -13.248  781 1081 1472   -1
 726     7.415   -10.219    -8.398  859   -1 1507 1431
 727    -7.926   -11.976    -6.066 1065   -1 1495 1532
 728    -3.440   -10.529    -6.436  973   -1 1455 1473
 729     1.409    10.052    -5.556  150  241   -1  648
 730   -22.482   -14.030    -7.436 1267 1147 1523   -1
 731    23.858    -9.837   -10.273  695 1288   -1 1381
 732     3.297    -0.807     4.306  618  886   -1 1048
 733   -21.442    -7.733    -2.544 1040   -1 1256 1422
 734    13.345   -10.084    19.252 1015 1494 1349   -1
 735   -25.489    -2.825     3.046  928   -1  976 1248
 736    -0.003    10.649     5.515   -1  296  491  528
 737     5.131     2.346     2.532  500  731  916   -1
 738   -11.009     9.869     8.821   -1  282  414  599
 739    26.397     1.008    -4.147  327   -1 1124  919
 740   -10.399     3.855     7.914  575  573  728   -1
 741     8.741    -2.808    12.706  723 1087 1084   -1
 742   -20.313     0.281   -10.970   -1  502  996 1209
 743   -19.995    -9.706   -12.732   -1  934 1406 1540
 744     1.170    12.715   -17.120   -1   26  622  638
 745    -6.810    16.928    15.923   -1   45   74  181
 746   -22.310     4.561     9.969  658   -1  600  904
 747    13.557     4.191    19.998  484  891  731   -1
 748    19.580     4.590    -1.806  250  695  927   -1
 749    -7.293   -14.134    -8.878 1125 1240 1581   -1
 750     0.229     1.632     6.250  569  767  891   -1
 751    -5.824     2.628    18.328  665  789  710   -1
 752    19.171    15.634    14.532    7  284  284   -1
 753   -24.593    -9.035     3.296   -1 1023 1248 1441
 754    22.486    16.946    14.213   -1  244  257   30
 755   -14.327    -0.176    -6.794  652   -1 1008 1180
 756    11.581     9.518     3.367  154  434   -1  532
 757     4.001    -0.239   -19.532  444  625 1205   -1
 758    13.673   -15.966    19.003 1258   -1 1561 1440
 759     3.090     8.943    -7.287  170   -1  708  709
 760   -13.499     4.706   -14.833  414  297  862   -1
 761     9.148     0.185    -2.811  509  815   -1 1036
 762   -19.256     9.622    11.186  469  250   -1  622
 763   -13.475    -5.023   -18.185  745  739 1304   -1
 764   -15.590    -8.702    16.597   -1 1187 1172 1332
 765    -3.729   -13.564     6.004 1191 1385 1496   -1
 766   -18.444    -6.979    18.664 1169 1114 1075   -1
 767   -13.216    -2.234    20.098  941  970   -1 1061
 768    11.868    18.051    13.267   -1   99  151   59
 769     0.907   -14.045    -3.936   -1 1353 1577 1563
 770   -19.686    15.515    15.377  230   24   55   -1
 771     3.377    11.312    14.877  218  386   -1  388
 772    10.379     2.807   -13.970  300  581 1061   -1
 773    15.537    -3.780    19.081  752 1244   -1  992
 774    16.912    17.675    15.876   -1  185  180   15
 775     2.829   -11.138     8.753 1063 1365   -1 1389
 776    20.754     0.933   -15.101  287   -1 1193 1054
 777    13.282    13.134    -4.000   -1  198  535  423
 778   -15.777    -9.745    14.704 1227 1211 1236   -1
 779    21.455    15.898    11.343   -1  262  322  104
 780    23.700    15.170    10.727   -1  315  371  121
 781    16.371    -9.052     1.065  816   -1 1431 1313
 782   -18.262     9.528    15.761  496  302  326   -1
 783   -22.838    -1.902     9.587  922  777   -1 1171
 784     4.845    -2.559    10.442  728 1034 1064   -1
 785     4.673    -0.578    10.661  647  938   -1  979
 786   -25.870    -4.901     0.763   -1  812 1090 1338
 787    -2.047    -2.314   -17.020  565  701 1238   -1
 788     3.307    13.600   -15.043   -1   19  559  575
 789     8.795    -5.070    14.845  830   -1 1146 1109
 790     3.572    -5.800     2.766  808 1084   -1 1237
 791     1.318    -0.709     6.756  650  887   -1 1039
 792   -23.705     4.444     7.648  656  448  617   -1
 793     4.263   -10.562    14.457 1078   -1 1364 1327
 794    10.909    -3.021    15.114   -1 1142 1074 1014
 795   -13.267     3.384    17.059   -1  674  636  844
 796   -15.590   -10.492    17.190 1286 1271   -1 1382
 797   -16.388     7.249    -7.668  390   -1  682  907
 798     9.599   -13.569     3.096   -1 1452 1557 1471
 799     4.618     2.261    -8.663  424  621   -1 1018
 800   -13.087     5.089    17.476  619  590  531   -1
 801    -8.160    -5.656    12.127   -1 1076 1116 1221
 802   -12.308   -10.733    19.210   -1 1331 1249 1369
 803   -13.603    13.672    12.334  233  111   -1  405
 804   -17.235    -0.506    -1.095   -1  653  955 1167
 805    -7.830   -10.456     0.137   -1 1168 1401 1446
 806   -14.784    13.511    11.339  248   97  215   -1
 807     1.576   -12.467     8.037 1123 1398 1460   -1
 808    12.329     2.797    -1.329   -1  735  963  890
 809    -8.867    11.668     8.653  256  212   -1  500
 810    11.934     1.518    14.516   -1  937  887  796
 811    15.859    12.440    15.526   -1  455  398  242
 812    14.469    13.246    -2.878   -1  210  528  401
 813    23.240    -0.820     1.806  480   -1 1139  964
 814    -7.159    -0.243   -18.182  525  551 1142   -1
 815     1.357    -9.255     5.572  979 1238 1363   -1
 816     7.371    15.732    17.946   72   -1  183  129
 817   -17.827     5.913    13.450  598  474  515   -1
 818    10.235    15.082     2.228   -1  133  377  304
 819   -24.207   -10.362    -1.451 1184 1042 1354   -1
 820   -19.191   -12.479    -3.041 1205 1145 1447   -1
 821    -0.278    -3.136     2.774  733  939   -1 1159
 822    -1.429     2.376    -4.023  497  612   -1 1005
 823    17.654    -0.059    19.729  602   -1  938  791
 824    17.038    -7.628    17.106   -1 1408 1275 1149
 825     0.686     0.628    -9.284  508  669 1066   -1
 826   -20.909    -6.115   -13.742  882  773 1276   -1
 827    16.874    19.744     5.486   -1    6  192   35
 828    -7.336    -1.453    -6.699  646  722   -1 1194
 829     1.944    -1.824    16.930  765   -1  958  994
 830    17.731    14.336   -12.258   -1  100  589  425
 831     1.472   -11.358   -10.390  929 1176   -1 1501
 832   -26.674     4.963    -0.577   -1  316  655 1002
 833    -7.211    15.067    15.333   -1  115  144  277
 834    -4.074     3.093    15.846  614  749   -1  806
 835    -4.891    12.313    13.898  234  258   -1  399
 836    -4.861   -11.403   -18.677  914   -1 1562 1568
 837    -5.907    -1.985    16.985   -1  981  922 1043
 838   -19.211     0.100   -12.264   -1  503 1021 1228
 839     7.945    16.514     1.361   -1   44  309  251
 840    -1.365     6.795     4.653  387  477   -1  723
 841    -6.430     3.018    -0.449   -1  566  847  973
 842    -0.536   -13.577     7.427   -1 1423 1497 1480
 843    20.595     7.359     1.664  165  598   -1  591
 844    19.781    -5.040    -5.018  591 1105 1347   -1
 845   -13.670     9.456     3.211  358   -1  489  685
 846    23.908   -13.557     3.940   -1 1567 1587 1413
 847   -24.618    10.826     6.220  420   -1  317  656
 848    -6.249    -2.433    -1.409  726  826 1091   -1
 849    -1.735     5.305    16.128   -1  665  621  686
 850    19.682     8.960     5.373  145  544   -1  485
 851    20.311    12.323    15.196   90  487   -1  220
 852    12.591     4.765     7.114  369  724   -1  711
 853   -18.905    -9.838   -19.811  958  893 1469   -1
 854     4.009     5.461     0.274   -1  542  783  797
 855     6.090    -5.232   -13.543  633  931   -1 1311
 856     4.915     1.133     7.054  559   -1  931  928
 857     8.534    -3.192   -13.770  545  851 1288   -1
 858   -11.584    -2.206     3.868  800   -1 1012 1173
 859     0.744    11.535     4.944   -1  255  461  492
 860   -21.901   -12.444     5.934 1318   -1 1381 1528
 861    16.994    -9.323   -12.479  717 1190 1527   -1
 862    14.995     0.915     0.887   -1  860 1049  936
 863     6.063     5.066    -0.550   -1  564  824  815
 864    17.228   -14.612    17.027 1144   -1 1534 1396
 865   -12.517   -13.421     9.080 1299 1349   -1 1509
 866     4.999    10.604     1.004   -1  295  555  543
 867     5.431     6.971    -0.987   -1  471  742  734
 868    11.516     5.097    -4.049   -1  572  888  816
 869    -1.122    -0.961     0.774  636  824   -1 1095
 870    -4.226     0.139     0.573   -1  746  975 1077
 871   -20.421     6.857    -7.361  436   -1  672  945
 872    20.336    16.987     7.459   -1  165  292  108
 873    22.379    13.526    -9.583   -1  193  634  406
 874     6.040   -11.865    -6.633   -1 1275 1538 1483
 875   -21.657     1.086    -2.490  687  526  871   -1
 876    -9.634   -14.009     3.003 1243 1341   -1 1557
 877   -18.887     6.053     8.142  560  405  551   -1
 878    10.800     6.955     7.762  286  601   -1  609
 879    20.828    -3.855   -12.359  504   -1 1358 1203
 880   -15.848    14.010    20.283  301  149   -1  329
 881    19.939     6.903    -6.019   -1  543  861  697
 882   -15.476    -2.767    15.999  949  924   -1 1129
 883    14.034    13.489     2.460   26  245  477   -1
 884     4.942    13.279     8.111  105  235   -1  353
 885    22.378    -1.692   -11.949  425   -1 1272 1118
 886    -0.171    13.928     4.103   -1  120  349  400
 887    11.612     8.847    -0.737  157  423  696   -1
 888     1.890     4.323    12.889  519  710   -1  744
 889     9.102    18.500    16.685   -1   80   92   25
 890    24.721    18.692     1.523   -1   62  306   66
 891   -19.652    11.554    -3.414  254   38   -1  691
 892    26.954     2.629     2.569   -1  895 1014  770
 893    12.006     0.178    -5.966   -1  807 1112 1049
 894    -4.536     0.162    15.491  740  879  843   -1
 895   -16.122     8.717    12.246   -1  333  404  640
 896    -3.035   -16.032    10.849 1331 1530   -1 1559
 897     5.555     0.715   -10.854  458   -1 1098 1091
 898   -15.157    17.125    19.255  168   12   -1  188
 899   -25.218    -7.335     2.334 1109   -1 1181 1400
 900    -6.073    10.290    13.015  325  337  395   -1
 901     0.107     7.829    11.059   -1  501  557  603
 902    -7.330     3.902    -4.406   -1  482  844  975
 903    -4.568    -8.179    -2.181   -1 1077 1352 1384
 904    21.644    -2.019     4.673  540 1080 1154   -1
 905    20.599    -9.811   -13.203  697 1233   -1 1407
 906    -0.199    14.138     8.605   -1  158  289  342
 907   -19.707    11.987    -4.646  226   21   -1  677
 908     0.457     5.387     6.352  443  568  725   -1
 909     2.084    -8.631    14.643 1017 1306 1267   -1
 910   -17.706   -11.758    14.622 1332 1282 1313   -1
 911   -19.064     5.931     5.651  549  380  592   -1
 912    -7.144     3.655    -8.521  464  463   -1 1019
 913   -20.313     5.886    14.490  617   -1  500  789
 914   -10.520   -14.305     5.201 1287 1362 1493   -1
 915    25.951    -0.799    -1.938   -1  998 1185  984
 916   -12.214    -4.958    11.686  980 1015   -1 1216
 917    13.445    12.150     0.532   48   -1  538  426
 918   -15.468   -14.172     8.072 1349   -1 1453 1552
 919     2.269     6.922     2.266  314  479   -1  717
 920    -8.241    16.654    15.638  120   43   84   -1
 921    -5.095    -6.282    12.058  970 1125 1151   -1
 922   -17.462     9.683    -0.036   -1  169  490  727
 923     0.747   -14.951    18.645 1322 1583   -1 1456
 924   -20.030    -7.202    11.776   -1 1056 1119 1328
 925   -17.032   -10.750    14.461 1285 1243   -1 1408
 926   -24.172    -6.886    -6.219 1005  840   -1 1424
 927   -16.766    10.669    17.585  453   -1  258  514
 928    -1.077   -10.211    16.499 1129   -1 1309 1319
 929    -0.650    -1.863    18.250  807 1040   -1  998
 930   -21.957    12.293     8.693  346   72  250   -1
 931     8.297     9.183     1.748   -1  402  641  588
 932    -3.747     6.721     3.721   -1  459  661  756
 933    22.097    14.294    12.457   18   -1  379  151
 934    23.926   -10.079     6.714   -1 1453 1457 1286
 935    -8.376    -6.633    -6.730   -1  948 1301 1372
 936    -5.015    15.234    11.785   -1   96  196  295
 937    -7.161     9.751    -7.826  201  173  616   -1
 938    16.620    -4.138     8.885  677 1166   -1 1084
 939    18.231     5.693    -9.715  162   -1  945  803
 940    15.106   -13.737    13.091 1104 1584   -1 1406
 941    -4.045     6.054    -5.582  352   -1  771  877
 942   -24.006   -12.169     7.277 1344   -1 1355 1516
 943     3.861   -15.413    14.486 1281 1580 1531   -1
 944    13.554   -16.196     8.252 1167 1625   -1 1511
 945   -11.149    -0.108    17.632  822  859   -1  981
 946   -23.269    14.005     8.591   -1   14  163  489
 947    17.865    16.170     6.268   -1  183  333  160
 948    -2.047    13.934     2.520   -1   95  352  420
 949    21.008    10.494     9.913  109   -1  563  369
 950   -16.421    14.127    19.042   -1  125   95  341
 951    19.936     9.107   -19.382   -1  291  895  722
 952    -7.602   -13.890   -12.710 1090 1202 1588   -1
 953   -13.563    -5.731    -9.409  840  844 1266   -1
 954   -25.573     2.315     0.042  694   -1  765 1088
 955   -21.262    17.843     9.999  130   -1   11  294
 956   -20.595    14.739     8.538   -1    4  143  437
 957   -21.627    14.530     4.019  202   -1  205  495
 958    18.691    12.886   -16.373   -1  140  698  530
 959    11.578   -16.118     5.715 1151 1590   -1 1534
 960   -17.036   -11.750    18.553 1362 1325   -1 1421
 961   -10.270     1.165   -19.922  486   -1 1087 1196
 962    10.610     5.928   -15.218   -1  422  944  888
 963    -5.036     6.224    -4.846  364  382   -1  865
 964    21.965    -2.068    -5.884  476  988 1245   -1
 965    13.210     8.263     6.850  212  538  662   -1
 966     1.463     7.682     1.116  281   -1  674  702
 967     7.840     3.711    15.477  513   -1  751  707
 968    18.425    -5.492   -11.334  574 1058   -1 1267
 969   -20.506     7.061    -2.785  472  242   -1  892
 970     0.299     5.268    -8.960  312  438   -1  911
 971    -4.466    14.506    -2.011   68   29  360   -1
 972    23.903    17.882     2.343   -1   98  336   95
 973    13.214     0.530   -15.916  363  700 1178   -1
 974    -2.107   -12.334    -3.542 1047 1264 1512   -1
 975     4.076    -5.864   -15.909  657  920   -1 1355
 976    10.720    13.209    15.671  123  354  331   -1
 977     7.129    17.531    13.360    6   88   -1  103
 978     0.219     2.035    -8.179   -1  595  985 1056
 979   -20.136   -15.631     0.264 1388 1292 1535   -1
 980    19.113   -15.076     8.242 1073 1619   -1 1461
 981    -4.369     6.676    12.322  475  532  573   -1
 982    14.325    15.312    -5.485   -1   87  470  339
 983   -15.358   -13.356     9.997   -1 1340 1408 1504
 984     4.541    12.854    -2.088   -1  162  488  479
 985    20.349    12.479    11.754   -1  442  464  252
 986    12.095     1.851     0.397  450  798   -1  916
 987     9.897   -15.577     5.646 1148 1556   -1 1519
 988     2.857     1.627    13.266  599  850   -1  862
 989    19.081    -5.541   -13.565  553 1051   -1 1278
 990     2.122     7.750     9.605  355   -1  601  605
 991   -11.422     0.666    13.435  751   -1  800  987
 992     1.137     9.359     0.828  215  328  599   -1
 993    -1.661    14.423    13.501   -1  184  228  299
 994    20.060    10.471   -13.479   -1  281  778  600
 995    -2.585    16.312     4.633   -1   18  234  302
 996   -18.861    -5.600   -17.912  815   -1 1296 1434
 997    23.878     9.060     8.820   -1  619  668  412
 998     9.854     7.450    -8.551   -1  410  809  757
 999     4.998    11.214   -17.175   36  103  714   -1
1000   -15.829    13.466   -11.839  112   -1  435  651
1001   -10.575    17.917    16.238   99   -1    5  161
1002    14.534    -7.394    -4.797  721 1162   -1 1302
1003     5.721     6.286     3.177  322   -1  740  721
1004    16.545    16.304    19.970   22  283  194   -1
1005   -24.150     5.200     1.142   -1  334  639  960
1006    20.818    -2.806     3.597   -1 1091 1204 1058
1007     0.882    14.579    12.928  119   -1  242  273
1008    14.960    -8.134    18.596   -1 1432 1281 1168
1009    19.416    12.349     8.145   57  393  503   -1
1010     1.259   -13.209     8.730 1158   -1 1475 1459
1011   -22.680    10.792     2.297  371   -1  370  687
1012   -17.989     8.935     2.918  419  219   -1  740
1013    19.604    12.787    17.715   -1  480  386  179
1014    16.179     4.721    18.350   -1  856  734  577
1015     3.050    -7.858   -12.143  769 1043   -1 1398
1016    -4.943    10.317     5.743  262   -1  473  567
1017     7.210    11.042    11.262   -1  398  457  404
1018    -3.185    10.109     6.933   -1  314  484  560
1019     1.311   -12.330   -13.585  943 1197   -1 1554
1020    13.663    13.857    10.911   54  303   -1  238
1021    -7.294    12.629   -12.381   82   20   -1  644
1022    -7.509    -2.460   -14.916  621  690   -1 1283
1023    26.071     7.947     0.250   -1  607  790  547
1024    -9.550    13.546   -18.772   33   -1  532  680
1025   -17.734    -1.529   -10.728  699  600 1088   -1
1026   -11.020    -3.194   -14.342  675   -1 1217 1309
1027    14.993    -5.768    -2.674  670 1116   -1 1232
1028   -13.187   -13.536    13.236 1355 1376 1403   -1
1029     7.811     0.405     7.507   -1  899  969  944
1030    -7.893     6.986     6.317  442   -1  604  745
1031    -7.004     0.927    -0.783  596  673   -1 1069
1032     5.796    13.652     7.239   -1  217  366  338
1033    20.216     5.767     7.323   -1  741  793  611
1034   -20.561    13.317    14.212  321   -1  152  447
1035    -2.989    15.945    17.935  131   -1  110  182
1036     3.664    -3.419   -14.782  577   -1 1286 1274
1037     1.849   -11.377    -8.850  938 1198   -1 1496
1038    -1.800   -17.739    17.117   -1 1644 1573 1571
1039    23.574    10.091    11.938   -1  591  581  346
1040   -17.122    10.960    -7.523  219   -1  506  742
1041    18.769     9.773   -19.729   -1  251  853  704
1042    -7.158     8.645    -2.561   -1  270  620  739
1043   -20.271     7.288    -1.405  470  246  594   -1
1044    15.464    10.934    -1.114   69  349   -1  488
1045    26.718     0.387    -7.282  326   -1 1171  971
1046   -21.612    -7.485    -6.531  998   -1 1271 1438
1047    19.955   -11.191     2.520  881 1433   -1 1364
1048    20.653     2.575     8.431   -1  904  940  753
1049     1.077    -0.656     4.232   -1  847 1009 1060
1050     2.975   -16.875    16.274 1374 1636 1567   -1
1051     9.200    14.115    -1.865   -1  142  454  389
1052   -22.005    16.500     3.383  138   -1  115  416
1053     3.195    10.351     6.382   -1  340  508  517
1054   -21.693    -1.525     3.733  860  706  936   -1
1055   -15.758    12.751   -10.349  141   -1  447  678
1056   -13.842    -0.021    -2.854  671  637  967   -1
1057     7.746     6.487    -4.773   -1  473  804  784
1058   -16.251     7.942   -10.289   -1  181  678  894
1059    -3.790   -15.893    15.644 1386 1558 1510   -1
1060    10.226     5.258   -17.673   -1  428  981  946
1061    10.857   -16.151    13.579   -1 1645 1583 1486
1062   -16.477   -11.724     3.467 1220 1188 1391   -1
1063   -14.739    13.319     8.914  236   85   -1  464
1064    -6.204    -4.946     3.071  856  975   -1 1254
1065    24.381     5.968     8.252   -1  771  801  566
1066   -19.166     5.964    10.264  585  429  530   -1
1067    23.418    -6.119    -2.238  616 1205   -1 1197
1068   -13.054    15.799    19.993   -1   73   40  228
1069     2.003    14.229    -7.959   17   -1  478  487
1070    22.409    12.624     2.852   14  357   -1  328
1071   -11.752     3.879     1.808   -1  516  758  943
1072    11.098    14.613    -0.587   -1  139  423  345
1073     0.481   -11.758    18.623   -1 1457 1365 1352
1074    16.256     2.310    10.327  478   -1  908  773
1075     6.980     6.141    13.171  418  666  658   -1
1076   -17.409    15.215    -7.496   87   -1  299  555
1077    20.207     4.476    -8.543  198   -1  997  839
1078    14.818    -1.105    -8.536   -1  854 1206 1099
1079    -3.678     8.188    -3.901  261  310   -1  749
1080    -3.479   -10.673   -11.471  937 1107 1494   -1
1081    23.203     0.071    -9.672  351  865   -1 1026
1082    -3.549     9.565    -1.297  221   -1  575  666
1083   -21.943    11.424     8.295  385  117  288   -1
1084    13.399     2.469    -2.359  395   -1  984  909
1085    21.684     4.848     4.720   -1  765  869  672
1086    19.228    10.595     6.711  100  485   -1  394
1087   -19.433    -7.896    16.924 1200 1137   -1 1306
1088     9.170   -10.922   -20.109  777   -1 1589 1517
1089   -10.029    -0.118   -17.466   -1  529 1115 1229
1090   -23.118     5.826     5.561  587  350   -1  893
1091    14.958     4.138    -6.720  268  623   -1  874
1092   -10.750     7.543    -3.771  362  276   -1  836
1093   -24.615     2.430     3.556  715  492   -1 1066
1094   -22.762   -13.180    -6.397 1253 1115 1480   -1
1095    -7.626    15.015     6.905   -1   49  236  365
1096   -20.369    13.818    -3.674  179   -1  311  589
1097    16.967    14.872    12.957   27   -1  321  157
1098   -14.147    17.708     9.575   85   -1   57  253
1099    18.307    10.056   -10.741   -1  325  762  601
1100     4.401    15.954    12.411   50   -1  209  196
1101   -14.820    -1.632   -14.610  654  587 1135   -1
1102    -1.698    16.237     9.345   -1   58  193  246
1103    -1.997    -5.914    -4.808  793  987   -1 1308
1104   -14.939    10.395    -9.367  217   -1  552  764
1105    -8.901    16.796    17.153   -1   41   56  185
1106     6.557     2.577    -6.857  409   -1  991  978
1107     6.266    -2.377     2.528   -1  964 1117 1113
1108   -14.180     3.296    -7.719  523  426   -1 1067
1109    12.538    15.981    15.489   30   -1  231  109
1110    13.989     0.234    -2.484  477  849   -1 1003
1111    -5.513     2.914     1.839   -1  611  838  954
1112    15.002    14.683    -0.847   -1  161  449  322
1113    18.422     6.364     7.752  252   -1  757  592
1114    10.862   -14.909     0.110 1071 1489   -1 1525
1115     8.724    11.861   -16.995   -1  112  701  626
1116    10.255    -3.316   -16.320   -1  848 1320 1256
1117   -11.677    -0.399     7.162  748  781  912   -1
1118    11.467    11.770    -5.504   -1  226  610  519
1119   -15.766     9.117    -5.598  308   -1  560  800
1120    -1.802    15.207     6.111   71   69   -1  330
1121   -12.694    17.518    14.526  111   -1   26  210
1122   -22.604    16.258     1.158  134   -1  142  459
1123   -11.059    -3.933    -5.983   -1  816 1166 1293
1124     1.426     2.682    -2.749   -1  629  933  965
1125   -18.089     9.433    -7.160  296   -1  550  828
1126    18.230     7.502     9.719  224  655   -1  523
1127   -14.365     1.093     4.876   -1  651  846 1057
1128   -20.699    12.714   -10.825  164   -1  424  712
1129    18.114    16.777     3.126   -1  109  340  166
1130    -8.846    14.742    16.437  196  127   -1  291
1131     0.037     8.674   -18.926  126   -1  797  863
1132   -20.558     7.097    14.549  584  396   -1  731
1133    11.757    -2.408     5.793  627 1036 1130   -1
1134    20.530     0.378     9.477  506   -1 1029  854
1135   -13.768     9.116     7.748  411  286   -1  652
1136    25.635    15.343     5.317   -1  268  426  150
1137     9.897     2.679    -3.385  400  697   -1  925
1138   -17.931    -5.308    13.824 1057 1006   -1 1235
1139     9.132    18.061    19.002   10   -1   89   21
1140   -13.027     5.021    11.523  582   -1  615  811
1141    10.138    17.092    13.246   -1  137  186  107
1142   -10.970    10.489   -13.887  159   -1  625  781
1143    -9.604   -15.678     3.289 1313 1405 1563   -1
1144     3.836    10.586     2.203  163   -1  536  541
1145   -10.256     9.209    -9.380  232   -1  642  794
1146     8.554    11.350    -5.290   74   -1  609  559
1147    13.750   -12.087     8.066 1002 1476 1487   -1
1148     8.881     2.426    -8.090  381   -1 1025  991
1149   -18.781    13.009    16.346  359   -1  153  424
1150    -6.626     8.815   -13.612  191   -1  724  843
1151    18.429    -7.651    -0.081  741 1255   -1 1263
1152    -1.719     1.479     5.415  578   -1  906  962
1153   -11.259     7.922    14.995  498  445  455   -1
1154    -4.455     7.189    -0.021  347  390  676   -1
1155    17.366    -4.657    19.503  779 1305 1138   -1
1156     4.418    10.420    -3.910   -1  267  618  598
1157    10.279    18.277    16.521   -1  110  101   29
1158   -17.117    12.195    17.978   -1  207  188  444
1159    15.683   -13.079    16.791 1100 1599   -1 1358
1160    19.103   -18.222    14.502 1261   -1   -1 1523
1161    22.030     6.453     9.388   -1   -1  755  552
1162    24.869   -11.283     7.965   -1 1525 1503   -1
1163    24.592   -12.510     3.093  892 1526   -1   -1
1164    18.474   -16.386     4.404   -1 1628   -1 1522
1165   -24.329     1.425    -6.820   -1   -1  885 1166
1166    15.749    17.846    17.445   -1   -1  141    4
1167     3.999   -16.032    20.036 1354 1650   -1   -1
1168    15.111   -12.336    17.146 1079   -1 1442   -1
1169    -8.310   -17.351    17.167   -1 1591 1540   -1
1170    19.505   -13.340    16.617   -1   -1 1506 1346
1171    25.955   -11.466     3.110   -1 1491 1537   -1
1172   -17.475   -18.915    18.983   -1 1598 1549   -1
1173    17.378   -14.310    12.128   -1 1612 1552   -1
1174    20.692   -11.572    18.407   -1 1595   -1 1276
1175     9.910    -5.215    19.365  861 1270   -1   -1
1176    17.182    -8.168    14.476  877   -1   -1 1188
1177    14.560   -19.252    15.653 1351   -1   -1 1569
1178    19.634   -14.131     8.244 1032   -1 1574   -1
1179   -16.880    -8.609   -20.117   -1   -1 1426 1531
1180    15.505   -16.672     6.300   -1 1633   -1 1538
1181   -19.290   -14.839    14.876   -1 1403   -1 1551
1182   -18.678   -18.881    18.695   -1 1588 1544   -1
1183    15.234   -13.910    19.264 1147 1648   -1   -1
1184    16.730   -13.017     0.456   -1 1459   -1 1443
1185    28.720    -8.831    10.923   -1 1484   -1 1190
1186   -12.893   -18.771    20.095   -1 1631 1558   -1
1187    21.130    19.047     9.505   -1   -1  202    2
1188    12.458   -15.262    19.266 1241   -1 1530   -1
1189     0.913   -13.596     8.949 1181   -1 1492   -1
1190    27.374    -8.631    18.170   -1 1532   -1 1139
1191     5.535    18.984    19.687   -1   -1   24    1
1192    24.412   -13.540     7.359   -1 1593 1578   -1
1193    18.900     2.483    16.812   -1   -1  855  675
1194    21.610    20.110     3.357   -1    7   -1   11
1195    12.057   -13.333    17.853 1143   -1 1466   -1
1196    14.924    18.417    14.351   -1   -1  136   17
1197     6.717    -7.819    12.280  931 1286 1273 1234
1198   -14.224    -3.433     0.005   -1  823 1092   -1
1199    16.206     9.450    15.346  203  592  534  386
1200   -20.784    -4.563     9.437   -1  911   -1 1251
1201    13.074    -3.253    12.406   -1 1140 1114 1034
1202    12.636    15.012    13.711   39  259  283  168
1203    17.043    -7.822    14.649   -1 1391 1306 1179
1204    11.723    -9.176    11.631   -1 1373 1359 1273
1205    14.616    15.876    13.190   13  229  269  125
1206    11.205    -3.301     9.633   -1 1097   -1 1071
1207    12.611     8.029    10.576  253  584  635  515
1208     9.443    -7.385    15.541   -1 1320 1243 1184
1209    20.647     7.218    15.739  258  755  668  455
1210    11.923     8.142    13.432   -1  605  603  493
1211    10.550    15.088    17.795   73  275  235  135
1212    18.319    -6.161    14.743   -1 1337 1240 1107
1213     0.115    13.839    18.914  183  265  218  244
1214    17.446     7.388    10.136  237  660  695   -1
1215    18.504    -4.289    15.746  730 1259 1148 1020
1216    10.734   -14.755    17.754   -1 1630 1513 1419
1217     7.545    11.359    15.874  197  425  396  347
1218    19.303    10.098    16.093  169  593  517  327
1219     2.002    -1.567    17.371  759 1030  947  976
1220    -0.272    15.283    18.302   -1  188  150  189
1221    21.570     8.753    11.393  176  634  649  421
1222   -13.226    -9.725     9.753   -1 1189   -1 1391
1223     2.008     0.766    18.656   -1  932   -1  858
1224    22.036     9.365     6.054  122  555  670  443
1225     1.832     7.101    12.396   -1  557  602  610
1226     3.243    -5.121    14.469   -1 1161   -1 1142
1227     8.671    12.716    16.314  147  364  338  274
1228    15.510    11.506    11.401  121  452  483  334
1229    17.427    -9.006    17.507   -1 1462 1336   -1
1230    23.585     2.048     4.602  383  912 1002  799
1231    15.655     9.014     9.482  187  549  619  470
1232    11.989    -0.941     4.333  564  953   -1 1010
1233    13.347    -9.452    10.225   -1 1387 1384 1282
1234     5.176   -15.480    10.578 1238 1565 1564 1500
1235    19.808     9.560     1.736  103  484  687  498
1236     8.310    13.256    12.590  114  301  346  293
1237    10.271    11.858    11.431  139  377  430  350
1238   -24.186    -5.482     4.082 1029  877 1095 1331
1239    18.927     6.695    11.190  265  720  729  539
1240   -21.738    -5.129     3.574  993  874 1099 1305
1241    19.886     5.105    17.137  382  861  745  546
1242    11.873     6.324    19.451  413  760  624  508
1243     4.011    11.727    19.332  228  414  325  314
1244   -25.807    -0.209     1.175  817  588  874 1175
1245    -7.475   -15.558    11.303 1366 1481 1515 1553
1246     8.301    -9.885    17.294   -1 1436   -1 1275
1247    17.389     9.494    19.515  223  644  511  331
1248   -16.326   -10.503     9.051 1209   -1   -1 1425
1249     9.863     5.706    13.137  404  711  703  617
1250   -19.652    -7.480     6.756 1108 1025   -1 1357
1251   -20.008    -8.592     9.715 1175 1088   -1 1378
1252   -21.358    -3.248     2.356  904  786 1034 1253
1253   -17.991    -8.360     0.658 1064 1020 1274 1412
1254    11.279     6.683    11.218   -1  654  684  584
1255    12.137    13.504    11.065   76  311  373  270
1256    18.410     7.364    11.784  242  686  686  502
1257    21.910    11.297     6.053   62  462  572  358
1258   -23.907     4.379     4.435   -1  416  652  961
1259   -16.789     7.135     6.610   -1  355  529  779
1260    12.801    -8.588    17.009   -1 1413 1300 1205
1261   -23.998    -9.305     2.446 1173 1031 1270 1450
1262   -25.837     3.957     0.771  643  385  690 1023
1263   -23.307    -3.547    -0.146  907  762 1053 1285
1264   -14.111   -11.635    11.917   -1 1283   -1 1438
1265    14.056     6.689     9.467  292  661  717  583
1266   -18.763   -10.144    18.866 1314 1246 1210 1374
1267     8.759    -5.633    16.647  869 1248 1152 1119
1268   -16.247    -8.877    11.432 1164 1150 1225   -1
1269    10.968   -10.999    14.462   -1 1466 1400 1314
1270    20.629    11.144     3.806   61  432  607  395
1271     1.315     7.752    13.786  396  536  541  565
1272    -7.844     1.118    -0.831   -1   -1  937 1065
1273   -18.655    -7.285     7.047 1091 1026   -1 1344
1274    12.481     6.970    13.784  320  677  654  540
1275     6.903     0.624     6.315   -1  862  968  948
1276    21.197    10.223     5.938   95  504  627  408
1277     8.295    17.273    12.278    2  101  179  117
1278     5.487     9.330    14.845   -1  505  493  466
1279    17.119    -2.626    12.602  648 1146 1102  983
1280    11.143     0.072     8.223   -1  936  999  932
1281     8.946   -14.118    19.344   -1 1607 1473 1397
1282    18.298     1.834     8.068   -1  913  956  812
1283     1.710    11.205    11.788   -1  344   -1  428
1284   -19.814     0.037     5.098   -1  668  858 1116
1285    -9.134   -12.123     4.293 1172 1269   -1   -1
1286     7.847   -10.325    19.274   -1 1458 1334 1277
1287    -6.888     2.932     5.901   -1  632  789  926
1288     9.815    -9.341    15.978   -1 1409 1324 1255
1289     7.815    13.156    11.798  116  289  356  307
1290     3.425    11.196    12.388   -1  361  410  410
1291    16.140     5.048   -11.779   -1   -1  973  867
1292    12.963     4.784     7.683   -1  729  798  701
1293   -15.195     1.714     7.894   -1  645  779 1006
1294   -14.957    -9.297    12.666   -1 1184   -1 1369
1295    22.043    10.383     9.790  108  537  584  363
1296    10.746     4.316     7.231   -1   -1  814  746
1297     6.258    -5.723    19.677   -1 1264 1128 1108
1298    -1.767     7.910    15.591   -1  522   -1  563
1299     3.874    13.293    17.342  161  312  277  264
1300    16.354    16.651    19.145   -1  254  191   32
1301    14.560     5.102    11.115  373   -1  761   -1
1302    22.561    -5.068     7.831   -1 1249 1265 1094
1303    -7.160    -8.834    11.819 1093 1213   -1   -1
1304    22.689    -6.295     7.300   -1 1299 1319 1148
1305    18.792     7.110    14.610  274  734  677  484
1306   -23.651     3.738    -0.904  611  400  735 1035
1307   -22.281    -8.826     2.076 1133 1018 1264 1432
1308    13.033    10.780     2.847   -1  370  578  474
1309    19.025    11.422     1.708   -1   -1  605  409
1310     9.433    18.222    19.700    5  126   85    7
1311     8.785    -1.437    15.089   -1 1057  989  953
1312    -7.479    -9.595     6.882   -1 1199 1327 1385
1313     9.451    12.924    18.817  149  389  307  227
1314    11.544    -7.277    15.520   -1 1339 1247   -1
1315     5.633    -0.100    11.575   -1  933   -1  941
1316    -8.541    -8.676    10.647 1085   -1 1252 1339
1317     4.571     1.408    15.183   -1  894  841  848
1318    17.019     5.768     8.408  295   -1  772  616
1319     4.007    -9.666    15.171 1051 1368 1318 1294
1320   -17.308   -13.221     7.063 1319 1278   -1 1529
1321   -19.446   -10.560     5.803 1210 1143   -1 1458
1322    23.573    -0.058     7.882  493 1046 1069  872
1323     4.216    15.663     9.672   -1  123  246  231
1324     0.919     5.700    11.703   -1  618   -1  695
1325   -20.795     3.320     8.324   -1  525  683  958
1326    16.172     4.041     5.291   -1  770  873  743
1327   -14.922     2.392     6.973   -1  606  760  986
1328   -22.030    -6.516    -0.475 1014  900 1196 1379
1329     0.455    12.480    11.842   -1  271  344  380
1330     0.368   -14.001     8.935 1201 1454   -1 1479
1331   -23.203   -12.063     7.773 1329 1193   -1 1503
1332     5.339    -9.072    15.623   -1 1365   -1 1271
1333     3.574    -4.512    12.482   -1 1119   -1 1134
1334   -21.652    -4.785     5.377  994  876 1072 1284
1335     3.136     3.951    14.202   -1  751   -1  737
1336     0.879    13.611    16.244  166  257   -1  286
1337   -23.943    -7.209     5.199 1114  965 1158 1375
1338     3.762     5.122     0.765  380   -1  794  813
1339   -20.780    -1.291     9.427   -1  766   -1 1141
1340    11.243    -6.812     4.939   -1 1206   -1 1230
1341    13.125    -4.788    11.823   -1 1201   -1 1098
1342     1.450     6.634     2.150   -1  488  718  738
1343     3.320    10.182    11.680   -1  413   -1  473
1344    -7.232     6.819    18.056  526   -1  499   -1
1345   -15.137    -3.821     0.844  867  841 1097 1259
1346    -5.022    -4.058    19.859   -1 1100   -1 1092
1347     3.651     6.428     9.634   -1  579  665  657
1348     3.509     7.394   -19.389  146  252  879  897
1349   -16.283    -0.669    -0.583  738  676  960 1165
1350   -16.144    -3.966     1.581  883  845 1093 1264
1351    10.529    -9.171     7.262   -1 1329 1382 1299
1352   -20.070   -10.759     9.767 1273 1178   -1 1444
1353   -23.762    -2.950     3.313  917  761   -1 1243
1354     5.446     1.403    18.284   -1  925  816  809
1355    -3.131     7.979     7.284   -1  431  568  645
1356   -13.361     1.326     3.552   -1  636  850   -1
1357     1.599    10.797     1.945  171  273  518  548
1358   -19.272    -6.414    -3.690  963  889 1229 1387
1359     2.535     0.572    15.264   -1  915   -1  896
1360     7.961    -2.611    18.695   -1 1134   -1  980
1361    24.136     2.746     3.675  329  878  979  768
1362    -0.796    -6.236    19.783   -1 1223   -1 1156
1363     9.590     5.968    15.958  421  727  659  576
1364     0.488     6.759    18.240   -1  626  539  574
1365     6.639     0.032    13.068   -1  950   -1  915
1366    -2.354     5.011     4.274   -1  548  744   -1
1367   -20.150    -9.534    10.793 1226 1138   -1 1402
1368     5.318    17.263     9.151   -1   55  195  158
1369   -14.534     4.778    15.233   -1  563  571  795
1370   -25.063    -6.491    -1.514 1025  864 1179 1392
1371   -14.402   -12.571     5.283 1251 1257   -1 1507
1372    15.060    10.272    19.368  206  575  468  310
1373   -19.097    -0.219     3.375  780  670   -1 1135
1374    15.110    15.966    17.069   23  261  233   83
1375   -16.850    -7.084     9.248 1082   -1 1150 1318
1376    12.843    -1.151     7.405   -1 1002   -1  989
1377   -24.416    -2.575    -1.841   -1  689 1022 1272
1378    25.857     1.979     2.833  350  918 1038  807
1379   -19.949    -3.763    -4.382  863  756   -1 1304
1380     0.303    10.209    14.078   -1  409  420  465
1381   -17.652   -11.346     4.810 1221 1175   -1 1482
1382   -12.639    12.433    19.241   -1  239  198   -1
1383     0.346    11.237    17.630  270  391   -1  376
1384   -15.560     5.958    19.030   -1  540   -1  706
1385    14.061    16.977    16.899    3  205  184   56
1386    -6.615    -6.956     6.752  967 1090   -1 1296
1387   -21.721     3.453    10.598   -1  534  647  940
1388   -10.351     7.576     6.478  438  379   -1   -1
1389   -10.068    -0.788    14.828   -1  875   -1 1029
1390     2.206    17.252    15.061   37   74  117  122
1391   -11.282     2.208    15.558  708   -1  719   -1
1392    -9.224    -4.409     1.859  848  921   -1 1246
1393    -6.564     8.287     3.872  353  351   -1   -1
1394    -8.901     9.085     2.895   -1  280   -1  674
1395     4.902    15.816    12.595   52  150  223  193
1396    -4.049    -6.791     2.659  900 1070   -1   -1
1397   -23.391     5.911     4.942   -1   -1  566  893
1398     6.044    15.955    13.316   45  159  216  171
1399    22.608     0.367     3.057   -1  969 1086  905
1400    -3.153     5.407    19.123   -1  679   -1  655
1401     3.515    11.950    11.221   -1  318   -1  392
1402    24.613    -2.489     4.640   -1 1122 1203 1007
1403    10.695     2.811     2.352  435  754   -1  866
1404     2.591    14.688    10.591   -1  175  275  282
1405    -0.867     6.264     6.903   -1  529  674   -1
1406   -20.251   -10.207     1.423   -1 1079   -1 1475
1407    22.742     5.035     3.249  239  753  881  669
1408   -21.895    -9.203    10.338 1222   -1   -1 1400
1409    16.641     1.408     3.715   -1  881 1005  883
1410   -13.896    -7.169     1.384   -1 1004 1239 1360
1411    15.506     4.503     2.150   -1  704   -1  758
1412   -20.482     7.231     4.142   -1  290  527  829
1413    -4.636    14.825    15.586   -1  153   -1  272
1414     9.849    11.937     2.879   -1   -1  513  434
1415    -7.077   -14.894     6.681 1289 1422 1521 1558
1416    13.155    13.375     1.673   -1  232  480  366
1417    -9.524    11.051     3.527   -1  192   -1  585
1418    15.879    12.057     4.040   59  341  523  381
1419   -11.814    -9.584    -1.105 1044 1093   -1 1437
1420    -0.844     8.154    12.506  388   -1  519  573
1421   -17.293     8.433    13.849   -1   -1  397  649
1422    -8.161     6.718    -0.044   -1  378  679  817
1423   -10.364     6.184    -0.545   -1  383  692   -1
1424    -9.447     1.431     1.070   -1  640  896   -1
1425    23.167     5.306     0.831  210  721   -1  679
1426   -17.235    -0.506    -1.095   -1  653  955 1167
1427     4.733     5.134    -4.659  314   -1  852   -1
1428    -5.630     9.294    16.742   -1  437   -1  510
1429    21.534    -7.883     7.326   -1 1361 1377 1210
1430    -0.050    15.423    13.584   -1  138   -1  229
1431     9.735    10.433     8.350   -1  420  520   -1
1432   -24.560     5.295     0.343   -1  326   -1  960
1433    20.595     7.359     1.664  165  598   -1  591
1434    12.857     7.521     3.243   -1  541   -1  612
1435   -23.131    11.235     4.036   -1   -1  334  647
1436   -23.848    10.645     4.724   -1  114  348   -1
1437    -7.940    16.937    14.113   97   -1   86   -1
1438     1.439    13.937     4.384   -1  145  353  383
1439   -17.203     9.805     2.498   -1  186  452  699
1440   -14.584     9.233    -0.754   -1  204   -1  742
1441   -16.769     3.479     8.173   -1  546  700  935
1442    -6.810    16.928    15.923   -1   45   74  181
1443   -11.415    -6.027     1.567  924  976   -1 1307
1444    -9.754   -13.751     1.781   -1 1308 1505 1555
1445   -20.605     9.083     5.611   -1  222  428  724
1446    10.235    15.082     2.228   -1  133  377  304
1447   -25.353    11.428     3.447   -1   -1  316  659
1448    12.994   -13.182    11.347   -1 1541 1508 1401
1449   -21.239    -9.594     6.819 1196   -1 1259 1426
1450    17.750   -12.028    -0.770  895 1426 1550 1415
1451    -6.802   -13.382     7.735 1233 1370   -1 1491
1452   -17.845    -8.653    -3.692 1037  990 1321   -1
1453   -12.530   -13.804    12.379 1348 1389   -1 1498
1454   -14.330    -0.137    -6.907   -1   -1 1008 1180
1455   -11.335   -10.876     9.721 1188 1251   -1 1418
1456    11.934     1.518    14.516   -1  937  887  796
1457    -4.681    -2.446    13.949   -1  986  974   -1
1458   -14.231    -3.625     1.817  862  846   -1 1238
1459   -15.565    15.349    18.975   -1   68   51  283
1460   -12.278    -9.618   -17.225   -1  948   -1 1532
1461    -5.947   -12.561     7.225 1187 1348   -1 1469
1462   -15.963    13.970     1.228   -1    8   -1  511
1463    16.787   -12.854     5.992   -1 1503 1536 1409
1464    -1.135   -16.011    12.800   -1 1557   -1 1537
1465    25.727    12.492     5.740   -1  421  544  285
1466    -9.594    11.455    14.334   -1  266  297  467
1467    -2.347   -15.814     9.065 1307 1508   -1 1556
1468     3.511   -12.341    15.395   -1 1473   -1 1386
1469   -11.383    14.951    10.595  160   56   -1  352
1470    21.419    -7.585    12.988   -1 1397 1325 1157
1471     0.676   -13.022    10.278   -1 1438 1460 1442
1472     4.743    -8.829     9.876  971 1290   -1 1295
1473    -8.517   -14.094    15.240 1350 1450   -1 1478
1474    12.639    -4.397     7.446  712 1141   -1   -1
1475    26.714    -0.137     4.583   -1 1045 1109  887
1476    -0.721   -14.415    12.730 1269 1496   -1 1476
1477    -5.185   -14.355     9.187 1276 1440   -1 1513
1478     3.982    -0.273   -19.449  444   -1 1205   -1
1479    -4.815    -2.466     5.573  761  908   -1 1140
1480   -16.695    13.547    15.952   -1  122  147  397
1481    -6.079   -14.473    14.947 1336 1481   -1 1484
1482   -24.477    -4.195     3.129  981  808   -1 1291
1483     4.416     5.073    -1.402  360   -1  823  837
1484   -10.381   -12.242    10.549   -1 1327 1390   -1
1485   -22.674    -9.412    -7.989   -1  941   -1 1504
1486     5.366   -14.100    15.030   -1 1549   -1 1433
1487     0.696   -15.648    16.919   -1 1587 1514 1487
1488    -2.670   -15.092    18.041   -1 1558   -1 1477
1489     2.045     6.172    18.800  490  683   -1  593
1490   -11.637     0.165    12.249   -1  797  833 1016
1491   -22.377     7.258    -7.829  434   -1  648   -1
1492    23.404     5.578     8.939   -1  793  810  582
1493    14.039    10.642    17.077  189   -1   -1  325
1494    -9.134     9.294    11.491   -1  352  431  587
1495   -11.505     9.970    12.052   -1  300  381  562
1496    13.841   -14.357    10.333   -1 1579 1555 1436
1497     9.637   -15.239     7.115   -1 1553 1582 1499
1498   -23.981    -2.535    -1.534   -1  693   -1 1269
1499    23.518    -6.112    -1.953   -1 1205   -1 1197
1500     8.132    -5.708    11.604  833 1200   -1 1153
1501     9.897   -15.577     5.646 1148 1556   -1 1519
1502   -13.807    -6.400   -15.840  823   -1 1342 1427
1503   -16.151     1.587    17.802  798   -1  697  931
1504   -11.798    -2.932     6.575  850  885   -1 1178
1505   -13.917     6.221    10.551   -1  466  553  767
1506     9.066     8.907    12.907   -1   -1  542  478
1507   -17.584     1.099    10.347   -1  684  776 1022
1508     2.791   -16.921    14.401   -1 1624 1576 1547
1509    26.535    -1.790     3.327   -1 1092 1188  974
1510    -0.233   -12.926     8.885   -1 1416   -1 1449
1511    20.588   -11.502   -12.636  768 1310   -1 1455
1512     0.611    -2.983     1.645   -1  929 1131 1160
1513    24.784    17.443     8.399   -1  187  295   52
1514    -9.727     9.989    14.256  394  336   -1   -1
1515     9.751     7.091    12.871  337   -1  640   -1
1516   -16.290    11.850    13.482   -1  190  256  497
1517   -15.984   -14.327    12.020 1395 1379   -1 1535
1518   -12.815    12.745     8.599   -1  129  281  482
1519     8.771   -11.801     7.999   -1 1430 1461 1390
1520    -2.710   -12.226    13.920 1202 1415   -1 1410
1521     2.958   -17.464    14.059   -1 1642   -1 1564
1522    13.866   -10.465    -0.545  875 1336 1483   -1
1523     7.847    -6.770   -11.418  690 1038 1402   -1
1524   -17.451     8.929    19.294   -1  372  320  572
1525     4.885   -15.771    11.849   -1   -1 1567 1508
1526    15.017   -10.629    -2.954  858 1326   -1 1394
1527     4.850    -3.159    15.754  795 1098   -1   -1
1528     7.270    -0.307     8.272   -1  923  993  967
1529    12.156    -7.476     6.617   -1 1258 1328 1239
1530    -4.568    -8.179    -2.181   -1 1077 1352 1384
1531   -10.558     5.325    -8.838   -1  342  795   -1
1532    12.388    -3.698     5.102   -1 1081 1193 1115
1533     5.539   -14.634     7.237   -1 1499 1553 1493
1534     0.618    10.337    12.075  263  384   -1   -1
1535    21.582     8.456    16.673   -1  705  612  382
1536    -7.040   -10.683    15.459 1191   -1   -1 1368
1537   -18.077     4.301     1.807   -1  447  715  959
1538    18.610    14.007    16.597   53  392  337   -1
1539    -4.460   -12.443     5.548 1150 1338   -1 1470
1540    19.282    -1.120    15.947  602 1127   -1   -1
1541   -18.082     2.169    10.814   -1  628  730  977
1542    24.231     5.251     9.964   -1  821  819  581
1543   -19.764   -11.874    13.039 1340 1262 1316   -1
1544    16.912    17.675    15.876   -1  185  180   15
1545    23.700    15.170    10.727   -1  315  371  121
1546    -9.441    -8.505    12.640 1107   -1 1233 1320
1547    18.601    -5.118    16.673   -1 1307 1182 1052
1548   -14.560     0.275    16.420   -1  805  774  996
1549    20.467    -7.525    18.014   -1 1443 1282 1127
1550   -25.759     0.704    -0.824   -1  530   -1 1151
1551     3.992    -6.155    -9.715  718   -1   -1 1334
1552    20.473     3.558    -2.217  279  750   -1  824
1553    17.681     4.883    -3.974  231  643   -1  785
1554    18.795    -1.589    19.914   -1 1183 1010  857
1555     4.123    -4.469    11.002  812 1110   -1   -1
1556    -1.235    -2.017    15.227  794 1009   -1   -1
1557    20.525    17.343    10.173   -1  179  266   64
1558    -4.056     4.809     9.485  520  597   -1   -1
1559    -3.830    10.183     8.330   -1  321  462  545
1560   -13.208     2.134    18.537  751   -1  681   -1
1561   -18.326     9.514    15.673   -1  302  326   -1
1562    -5.063    -2.454     2.243   -1  871   -1 1161
1563    22.315     7.637    -7.772   -1  509  857  660
1564   -25.870    -4.901     0.763   -1  812 1090 1338
1565     4.942    10.567     1.028   -1  295  555   -1
1566   -12.303   -12.831    10.446 1287   -1 1403   -1
1567    10.357    -1.758    11.945   -1   -1 1049  988
1568     5.289    -9.053     6.329   -1 1270 1365 1321
1569    -7.293   -14.134    -8.878 1125 1240 1581   -1
1570     4.097    18.967    15.020   -1   28   62   50
1571    13.726   -15.967    19.071   -1   -1 1561 1440
1572   -16.405    -3.985     5.020   -1  880   -1 1242
1573   -20.028     9.264     8.098  462  236   -1   -1
1574    -4.763    17.746    14.962   -1   25   60  141
1575    -8.956    -0.978     0.946  700  764   -1 1136
1576    22.486    16.946    14.213   -1  244  257   30
1577   -15.638    12.652     5.640   -1   86  293  529
1578     9.799    13.174     8.326   -1  277  402  324
1579   -12.653     7.155     5.063  466  365   -1   -1
1580     9.102    18.500    16.685   -1   80   92   25
1581    18.838    12.545     1.417   25  320   -1  368
1582    -7.830   -10.456     0.137   -1 1168 1401 1446
1583    -8.782    11.693     8.833   -1  212   -1  500
1584     8.152   -16.862    11.624 1278   -1   -1 1539
1585   -22.905   -14.304     4.777 1394   -1 1450   -1
1586     1.244    -5.250     8.883   -1 1095 1165 1191
1587     6.503   -13.862     1.878   -1 1439 1565 1495
1588     3.833     4.668     2.631   -1  603  802   -1
1589   -11.230    -5.675    19.100   -1 1118   -1 1187
1590    26.384    -1.344    -0.219   -1 1049 1200  990
1591    23.858    -9.837   -10.273  695 1288   -1 1381
1592    -1.361   -10.037    15.937 1123 1352   -1 1319
1593    16.640    16.219    19.780   22  283  202   -1
1594    19.056   -12.098    14.300 1008 1569   -1 1323
1595     1.890     4.323    12.889  519  710   -1  744
1596    -8.206    -5.573    11.874   -1 1069 1116 1221
1597   -19.995    -9.706   -12.732   -1  934 1406 1540
1598    -9.748    -1.360     0.004  716   -1   -1 1154
1599    19.321    16.089    13.305   -1  253  279   91
1600   -10.482   -12.940     4.521 1218 1296   -1 1510
1601   -24.117   -13.568     4.715 1379 1217 1415   -1
1602    11.917    18.065    13.184   -1   -1  151   59
1603   -19.707    11.987    -4.646  226   21   -1  677
1604    23.908   -13.557     3.940   -1 1567 1587 1413
1605    11.668   -16.118     5.964   -1 1590   -1 1534
1606   -23.279    13.514     5.801   -1   13  219   -1
1607    -3.051    16.910     8.590   -1   22   -1  232
1608    10.676     5.917   -15.236   -1   -1  944  888
1609     0.550    11.763    18.706   -1  373   -1  344
1610    26.097     7.892     0.287   -1  607   -1  547
1611   -14.125    17.659     9.744   -1   -1   57  253
1612   -16.976     7.314   -11.987  356  181   -1   -1
1613   -17.159     9.250   -11.332   -1   -1  617  861
1614    13.310    13.170    -4.134   -1   -1  535  423
1615    19.604    12.787    17.715   -1  480  386  179
1616    15.012    -8.830     6.373  861   -1   -1 1280
1617    15.111   -12.336    17.146 1079   -1 1442   -1
1618    25.747   -10.448    10.828   -1 1525   -1 1267
1619    -8.310   -17.351    17.167   -1 1591 1540   -1
1620    19.505   -13.340    16.617   -1   -1 1506 1346
1621   -18.678   -18.881    18.695   -1 1588 1544   -1
1622   -17.475   -18.915    18.983   -1 1598 1549   -1
